TimeStep	 Blip Population	 Blip Speed	 Blip Vision	  Predator Population	 Predator Speed	 Predator Vision
0	50	1,474149	6,031551	0	0	0
1	50	1,474149	6,031551	0	0	0
2	50	1,474149	6,031551	0	0	0
3	50	1,474149	6,031551	0	0	0
4	50	1,474149	6,031551	0	0	0
5	50	1,474149	6,031551	0	0	0
6	50	1,474149	6,031551	0	0	0
7	50	1,474149	6,031551	0	0	0
8	50	1,474149	6,031551	0	0	0
9	50	1,474149	6,031551	0	0	0
10	50	1,474149	6,031551	0	0	0
11	50	1,474149	6,031551	0	0	0
12	50	1,474149	6,031551	0	0	0
13	50	1,474149	6,031551	0	0	0
14	50	1,474149	6,031551	0	0	0
15	50	1,474149	6,031551	0	0	0
16	50	1,474149	6,031551	0	0	0
17	50	1,474149	6,031551	0	0	0
18	50	1,474149	6,031551	0	0	0
19	50	1,474149	6,031551	0	0	0
20	50	1,474149	6,031551	0	0	0
21	50	1,474149	6,031551	0	0	0
22	50	1,474149	6,031551	0	0	0
23	50	1,474149	6,031551	0	0	0
24	50	1,474149	6,031551	0	0	0
25	51	1,473777	6,02542	0	0	0
26	51	1,473777	6,02542	0	0	0
27	51	1,473777	6,02542	0	0	0
28	51	1,473777	6,02542	0	0	0
29	51	1,473777	6,02542	0	0	0
30	53	1,465012	6,040009	0	0	0
31	54	1,478866	6,080131	0	0	0
32	54	1,478866	6,080131	0	0	0
33	54	1,478866	6,080131	0	0	0
34	54	1,478866	6,080131	0	0	0
35	54	1,478866	6,080131	0	0	0
36	54	1,478866	6,080131	0	0	0
37	54	1,478866	6,080131	0	0	0
38	54	1,478866	6,080131	0	0	0
39	54	1,478866	6,080131	0	0	0
40	54	1,478866	6,080131	0	0	0
41	54	1,478866	6,080131	0	0	0
42	54	1,478866	6,080131	0	0	0
43	55	1,478972	6,098022	0	0	0
44	57	1,479434	6,10262	0	0	0
45	57	1,479434	6,10262	0	0	0
46	57	1,479434	6,10262	0	0	0
47	58	1,473318	6,113118	0	0	0
48	57	1,462362	6,151963	0	0	0
49	58	1,473048	6,164474	0	0	0
50	60	1,458252	6,219034	0	0	0
51	60	1,458252	6,219034	0	0	0
52	61	1,467935	6,249049	0	0	0
53	62	1,47212	6,303222	0	0	0
54	62	1,47212	6,303222	0	0	0
55	62	1,47212	6,303222	0	0	0
56	63	1,479583	6,31042	0	0	0
57	63	1,479583	6,31042	0	0	0
58	63	1,479583	6,31042	0	0	0
59	63	1,479583	6,31042	0	0	0
60	63	1,479583	6,31042	0	0	0
61	63	1,479583	6,31042	0	0	0
62	63	1,479583	6,31042	0	0	0
63	64	1,468867	6,318932	0	0	0
64	64	1,468867	6,318932	0	0	0
65	64	1,468867	6,318932	0	0	0
66	64	1,468867	6,318932	0	0	0
67	65	1,476261	6,286769	0	0	0
68	65	1,476261	6,286769	0	0	0
69	67	1,479564	6,312652	0	0	0
70	68	1,478578	6,286769	0	0	0
71	68	1,478578	6,286769	0	0	0
72	69	1,478193	6,268321	0	0	0
73	69	1,478193	6,268321	0	0	0
74	70	1,467053	6,269558	0	0	0
75	71	1,469902	6,253459	0	0	0
76	71	1,469902	6,253459	0	0	0
77	71	1,469902	6,253459	0	0	0
78	72	1,477949	6,270803	0	0	0
79	74	1,476424	6,268987	0	0	0
80	74	1,476424	6,268987	0	0	0
81	74	1,476424	6,268987	0	0	0
82	74	1,476424	6,268987	0	0	0
83	74	1,476424	6,268987	0	0	0
84	75	1,47778	6,269404	0	0	0
85	75	1,47778	6,269404	0	0	0
86	75	1,47778	6,269404	0	0	0
87	75	1,47778	6,269404	0	0	0
88	76	1,481791	6,230458	0	0	0
89	76	1,481791	6,230458	0	0	0
90	78	1,484236	6,226097	0	0	0
91	80	1,487539	6,220558	0	0	0
92	80	1,487539	6,220558	0	0	0
93	82	1,477572	6,208979	0	0	0
94	82	1,477572	6,208979	0	0	0
95	83	1,476162	6,241389	0	0	0
96	84	1,479205	6,255589	0	0	0
97	84	1,479205	6,255589	0	0	0
98	84	1,479205	6,255589	0	0	0
99	84	1,479205	6,255589	0	0	0
100	84	1,479205	6,255589	0	0	0
101	84	1,479205	6,255589	0	0	0
102	83	1,478899	6,270066	0	0	0
103	83	1,478899	6,270066	0	0	0
104	83	1,476643	6,269733	0	0	0
105	83	1,476643	6,269733	0	0	0
106	85	1,486948	6,254609	0	0	0
107	84	1,485868	6,28367	0	0	0
108	86	1,501232	6,292794	0	0	0
109	85	1,502907	6,281674	0	0	0
110	86	1,507883	6,281736	0	0	0
111	85	1,512267	6,289009	0	0	0
112	84	1,508687	6,259168	0	0	0
113	85	1,510188	6,277936	0	0	0
114	87	1,50712	6,283398	0	0	0
115	87	1,50712	6,283398	0	0	0
116	89	1,504864	6,255966	0	0	0
117	89	1,504864	6,255966	0	0	0
118	87	1,49437	6,234011	0	0	0
119	88	1,492837	6,263361	0	0	0
120	89	1,485374	6,283327	0	0	0
121	90	1,483824	6,272468	0	0	0
122	89	1,479132	6,28893	0	0	0
123	88	1,479713	6,286847	0	0	0
124	88	1,479713	6,286847	0	0	0
125	89	1,476103	6,287945	0	0	0
126	89	1,476103	6,287945	0	0	0
127	90	1,475038	6,281906	0	0	0
128	89	1,480327	6,274912	0	0	0
129	88	1,483525	6,288848	0	0	0
130	86	1,487563	6,257782	0	0	0
131	86	1,487563	6,257782	0	0	0
132	86	1,487563	6,257782	0	0	0
133	85	1,49182	6,255489	0	0	0
134	86	1,483035	6,241957	0	0	0
135	87	1,490513	6,251124	0	0	0
136	88	1,478348	6,291661	0	0	0
137	86	1,483958	6,319736	0	0	0
138	86	1,483958	6,319736	0	0	0
139	86	1,474696	6,33496	0	0	0
140	85	1,473176	6,312176	0	0	0
141	84	1,473427	6,327632	0	0	0
142	84	1,473427	6,327632	0	0	0
143	84	1,468067	6,311511	0	0	0
144	85	1,475909	6,286321	0	0	0
145	86	1,482308	6,278361	0	0	0
146	86	1,482308	6,278361	0	0	0
147	88	1,478801	6,29012	0	0	0
148	87	1,470749	6,322404	0	0	0
149	87	1,470749	6,322404	0	0	0
150	87	1,470749	6,322404	0	0	0
151	88	1,477747	6,321289	0	0	0
152	89	1,47851	6,348428	0	0	0
153	88	1,475383	6,378336	0	0	0
154	88	1,475383	6,378336	0	0	0
155	88	1,475383	6,378336	0	0	0
156	91	1,469666	6,370468	0	0	0
157	92	1,465723	6,376647	0	0	0
158	93	1,464288	6,393886	0	0	0
159	93	1,464288	6,393886	0	0	0
160	94	1,468849	6,389072	0	0	0
161	94	1,459181	6,392275	0	0	0
162	95	1,45844	6,435287	0	0	0
163	96	1,454203	6,421463	0	0	0
164	95	1,459067	6,420014	0	0	0
165	96	1,465394	6,426163	0	0	0
166	94	1,466422	6,416578	0	0	0
167	94	1,466422	6,416578	0	0	0
168	94	1,466422	6,416578	0	0	0
169	95	1,462639	6,436309	0	0	0
170	91	1,468228	6,440369	0	0	0
171	91	1,468228	6,440369	0	0	0
172	91	1,468228	6,440369	0	0	0
173	91	1,477529	6,484396	0	0	0
174	91	1,477529	6,484396	0	0	0
175	91	1,477529	6,484396	0	0	0
176	92	1,47942	6,456729	0	0	0
177	92	1,484503	6,41909	0	0	0
178	90	1,493182	6,427512	0	0	0
179	90	1,490118	6,455661	0	0	0
180	91	1,498651	6,451935	0	0	0
181	91	1,50097	6,470824	0	0	0
182	91	1,510712	6,473886	0	0	0
183	90	1,513115	6,507092	0	0	0
184	90	1,513115	6,507092	0	0	0
185	90	1,513115	6,507092	0	0	0
186	91	1,506126	6,540371	0	0	0
187	92	1,503054	6,545705	0	0	0
188	92	1,503054	6,545705	0	0	0
189	90	1,501647	6,570365	0	0	0
190	89	1,500348	6,597704	0	0	0
191	89	1,48905	6,629898	0	0	0
192	89	1,504883	6,641142	0	0	0
193	90	1,497532	6,618661	0	0	0
194	88	1,498871	6,61957	0	0	0
195	88	1,498871	6,61957	0	0	0
196	88	1,498871	6,61957	0	0	0
197	88	1,498871	6,61957	0	0	0
198	87	1,493691	6,647056	0	0	0
199	88	1,491786	6,614978	0	0	0
200	89	1,491134	6,636752	0	0	0
201	90	1,488254	6,632463	0	0	0
202	92	1,486446	6,647624	0	0	0
203	92	1,486446	6,647624	0	0	0
204	94	1,483697	6,64601	0	0	0
205	95	1,478799	6,629442	0	0	0
206	97	1,478475	6,663373	0	0	0
207	97	1,478475	6,663373	0	0	0
208	97	1,478475	6,663373	0	0	0
209	97	1,478475	6,663373	0	0	0
210	97	1,478475	6,663373	0	0	0
211	97	1,478475	6,663373	0	0	0
212	97	1,477641	6,646233	0	0	0
213	96	1,473314	6,653576	0	0	0
214	96	1,473314	6,653576	0	0	0
215	98	1,481881	6,670456	0	0	0
216	98	1,481881	6,670456	0	0	0
217	99	1,479305	6,680138	0	0	0
218	100	1,485349	6,673386	0	0	0
219	101	1,476496	6,67242	0	0	0
220	103	1,484073	6,721136	0	0	0
221	103	1,484073	6,721136	0	0	0
222	106	1,490444	6,730461	0	0	0
223	106	1,490444	6,730461	0	0	0
224	107	1,494944	6,707538	0	0	0
225	107	1,493797	6,684564	0	0	0
226	107	1,493797	6,684564	0	0	0
227	108	1,49413	6,695136	0	0	0
228	108	1,49413	6,695136	0	0	0
229	109	1,49958	6,704276	0	0	0
230	108	1,509504	6,706171	0	0	0
231	107	1,502928	6,692147	0	0	0
232	109	1,510378	6,708804	0	0	0
233	110	1,504487	6,701624	0	0	0
234	111	1,497375	6,722151	0	0	0
235	110	1,494485	6,742842	0	0	0
236	110	1,494485	6,742842	0	0	0
237	110	1,494485	6,742842	0	0	0
238	110	1,494485	6,742842	0	0	0
239	111	1,496419	6,753728	0	0	0
240	111	1,496419	6,753728	0	0	0
241	111	1,492215	6,76967	0	0	0
242	111	1,492215	6,76967	0	0	0
243	110	1,492284	6,766993	0	0	0
244	110	1,49425	6,740644	0	0	0
245	111	1,49767	6,757675	0	0	0
246	111	1,49767	6,757675	0	0	0
247	111	1,505332	6,774381	0	0	0
248	111	1,505332	6,774381	0	0	0
249	112	1,508965	6,803547	0	0	0
250	110	1,517688	6,785407	0	0	0
251	110	1,517688	6,785407	0	0	0
252	110	1,507411	6,783328	0	0	0
253	109	1,503411	6,748377	0	0	0
254	110	1,508077	6,739571	0	0	0
255	111	1,511312	6,723948	0	0	0
256	111	1,50739	6,73878	0	0	0
257	112	1,509773	6,745738	0	0	0
258	112	1,509773	6,745738	0	0	0
259	112	1,509773	6,745738	0	0	0
260	113	1,520408	6,735245	0	0	0
261	114	1,522358	6,74448	0	0	0
262	116	1,511994	6,763507	0	0	0
263	116	1,523268	6,77566	0	0	0
264	118	1,523004	6,784112	0	0	0
265	117	1,522532	6,788247	0	0	0
266	117	1,522532	6,788247	0	0	0
267	118	1,526461	6,791803	0	0	0
268	119	1,528156	6,787025	0	0	0
269	117	1,527152	6,780755	0	0	0
270	116	1,52814	6,799963	0	0	0
271	117	1,526823	6,79473	0	0	0
272	119	1,53779	6,785117	0	0	0
273	119	1,53779	6,785117	0	0	0
274	118	1,544904	6,788763	0	0	0
275	119	1,539283	6,772412	0	0	0
276	118	1,542511	6,775699	0	0	0
277	116	1,530979	6,819372	0	0	0
278	116	1,52341	6,809176	0	0	0
279	114	1,517795	6,82264	0	0	0
280	116	1,519518	6,8621	0	0	0
281	117	1,517631	6,850765	0	0	0
282	119	1,517014	6,844664	0	0	0
283	122	1,515891	6,841878	0	0	0
284	122	1,515891	6,841878	0	0	0
285	122	1,515891	6,841878	0	0	0
286	123	1,522437	6,813112	0	0	0
287	123	1,522437	6,813112	0	0	0
288	124	1,521269	6,842719	0	0	0
289	125	1,524072	6,864229	0	0	0
290	126	1,526034	6,870165	0	0	0
291	124	1,524577	6,884126	0	0	0
292	124	1,524577	6,884126	0	0	0
293	123	1,528657	6,888187	0	0	0
294	125	1,538498	6,907266	0	0	0
295	125	1,539868	6,897392	0	0	0
296	126	1,539809	6,910667	0	0	0
297	127	1,543861	6,900306	0	0	0
298	129	1,548793	6,923444	0	0	0
299	130	1,552145	6,922911	0	0	0
300	130	1,552145	6,922911	0	0	0
301	131	1,548876	6,955592	0	0	0
302	131	1,548876	6,955592	0	0	0
303	131	1,548876	6,955592	0	0	0
304	130	1,547437	6,964131	0	0	0
305	130	1,547437	6,964131	0	0	0
306	130	1,549907	6,963003	0	0	0
307	131	1,54543	6,961408	0	0	0
308	131	1,54543	6,961408	0	0	0
309	132	1,549678	6,977467	0	0	0
310	132	1,548337	6,982419	0	0	0
311	132	1,549348	6,978522	0	0	0
312	130	1,551999	6,990975	0	0	0
313	130	1,55233	6,979639	0	0	0
314	130	1,55705	6,983717	0	0	0
315	131	1,549505	6,970194	0	0	0
316	129	1,557758	6,958396	0	0	0
317	131	1,56498	6,987432	0	0	0
318	132	1,558251	7,002285	0	0	0
319	132	1,554869	6,999443	0	0	0
320	132	1,558028	6,982101	0	0	0
321	131	1,559647	6,994896	0	0	0
322	130	1,557996	6,968673	0	0	0
323	132	1,561099	6,990523	0	0	0
324	132	1,561099	6,990523	0	0	0
325	132	1,561099	6,990523	0	0	0
326	132	1,561099	6,990523	0	0	0
327	136	1,564954	6,978701	0	0	0
328	137	1,565464	6,974636	0	0	0
329	137	1,565464	6,974636	0	0	0
330	138	1,568541	6,989741	0	0	0
331	138	1,568541	6,989741	0	0	0
332	139	1,576906	6,976477	0	0	0
333	139	1,583676	6,966919	0	0	0
334	138	1,591309	6,970849	0	0	0
335	136	1,5889	7,006468	0	0	0
336	135	1,58998	7,015741	0	0	0
337	136	1,591962	7,016747	0	0	0
338	137	1,593381	7,006944	0	0	0
339	136	1,596725	7,00619	0	0	0
340	136	1,596725	7,00619	0	0	0
341	137	1,601407	7,029066	0	0	0
342	137	1,601407	7,029066	0	0	0
343	139	1,607305	7,03499	0	0	0
344	139	1,607305	7,03499	0	0	0
345	138	1,60427	7,045376	0	0	0
346	138	1,598259	7,053021	0	0	0
347	137	1,604124	7,048165	0	0	0
348	138	1,600305	7,049526	0	0	0
349	140	1,607655	7,060019	0	0	0
350	140	1,607655	7,060019	0	0	0
351	140	1,603579	7,070263	0	0	0
352	140	1,597693	7,063057	0	0	0
353	142	1,598618	7,073848	0	0	0
354	142	1,598618	7,073848	0	0	0
355	142	1,598618	7,073848	0	0	0
356	140	1,607304	7,117968	0	0	0
357	140	1,613668	7,130672	0	0	0
358	139	1,615692	7,124562	0	0	0
359	140	1,616061	7,121007	0	0	0
360	141	1,613161	7,121293	0	0	0
361	141	1,61978	7,138657	0	0	0
362	142	1,630096	7,136939	0	0	0
363	142	1,633703	7,136373	0	0	0
364	142	1,633703	7,136373	0	0	0
365	140	1,633395	7,141065	0	0	0
366	140	1,633395	7,141065	0	0	0
367	142	1,642255	7,160591	0	0	0
368	142	1,642255	7,160591	0	0	0
369	141	1,646051	7,152574	0	0	0
370	143	1,639765	7,137094	0	0	0
371	143	1,63604	7,138833	0	0	0
372	143	1,641836	7,147325	0	0	0
373	143	1,638253	7,126654	0	0	0
374	143	1,635559	7,146509	0	0	0
375	144	1,637296	7,14633	0	0	0
376	145	1,629623	7,175271	0	0	0
377	147	1,620616	7,200213	0	0	0
378	150	1,624716	7,22714	0	0	0
379	150	1,632715	7,22107	0	0	0
380	150	1,628351	7,226578	0	0	0
381	148	1,626921	7,22141	0	0	0
382	147	1,624237	7,233898	0	0	0
383	146	1,623691	7,228974	0	0	0
384	147	1,625832	7,251515	0	0	0
385	147	1,625168	7,277536	0	0	0
386	147	1,62953	7,260843	0	0	0
387	146	1,620435	7,25346	0	0	0
388	148	1,617193	7,248235	0	0	0
389	148	1,617193	7,248235	0	0	0
390	148	1,617193	7,248235	0	0	0
391	147	1,620211	7,24048	0	0	0
392	146	1,612231	7,262653	0	0	0
393	147	1,613994	7,264289	0	0	0
394	146	1,612813	7,275182	0	0	0
395	146	1,612813	7,275182	0	0	0
396	146	1,612813	7,275182	0	0	0
397	147	1,609608	7,300937	0	0	0
398	149	1,620324	7,296454	0	0	0
399	149	1,620324	7,296454	0	0	0
400	152	1,627053	7,278757	0	0	0
401	151	1,62967	7,285565	0	0	0
402	150	1,625057	7,300353	0	0	0
403	152	1,615507	7,294966	0	0	0
404	153	1,614075	7,285013	0	0	0
405	150	1,612865	7,288465	0	0	0
406	149	1,620151	7,309471	0	0	0
407	149	1,621688	7,293422	0	0	0
408	150	1,628887	7,313131	0	0	0
409	151	1,632446	7,315095	0	0	0
410	154	1,635496	7,316428	0	0	0
411	153	1,64892	7,326506	0	0	0
412	153	1,647648	7,337842	0	0	0
413	152	1,643175	7,334894	0	0	0
414	153	1,639676	7,324138	0	0	0
415	151	1,636319	7,322064	0	0	0
416	154	1,638332	7,364033	0	0	0
417	153	1,645867	7,382556	0	0	0
418	152	1,642987	7,391619	0	0	0
419	151	1,649952	7,397022	0	0	0
420	150	1,652202	7,360723	0	0	0
421	149	1,64237	7,379152	0	0	0
422	148	1,634483	7,383476	0	0	0
423	149	1,637131	7,371143	0	0	0
424	149	1,633515	7,389974	0	0	0
425	150	1,636207	7,42721	0	0	0
426	151	1,629761	7,436042	0	0	0
427	151	1,631757	7,42673	0	0	0
428	152	1,631979	7,418344	0	0	0
429	151	1,628958	7,416535	0	0	0
430	151	1,628958	7,416535	0	0	0
431	151	1,628958	7,416535	0	0	0
432	150	1,627778	7,402839	0	0	0
433	148	1,631518	7,398101	0	0	0
434	149	1,642571	7,396672	0	0	0
435	150	1,642374	7,403713	0	0	0
436	149	1,640387	7,382646	0	0	0
437	151	1,642357	7,370811	0	0	0
438	151	1,646517	7,385864	0	0	0
439	153	1,645338	7,398208	0	0	0
440	154	1,645977	7,392199	0	0	0
441	156	1,652863	7,366529	0	0	0
442	157	1,656396	7,363081	0	0	0
443	158	1,659023	7,371785	0	0	0
444	157	1,660173	7,391341	0	0	0
445	156	1,658181	7,36005	0	0	0
446	158	1,667228	7,352734	0	0	0
447	157	1,665267	7,345006	0	0	0
448	157	1,665267	7,345006	0	0	0
449	157	1,665267	7,345006	0	0	0
450	157	1,665267	7,345006	0	0	0
451	159	1,667661	7,311893	0	0	0
452	158	1,671872	7,308163	0	0	0
453	158	1,671631	7,317158	0	0	0
454	161	1,674736	7,304688	0	0	0
455	160	1,684389	7,304376	0	0	0
456	160	1,68648	7,301731	0	0	0
457	160	1,680356	7,313112	0	0	0
458	158	1,682984	7,329326	0	0	0
459	156	1,686906	7,368529	0	0	0
460	157	1,678492	7,400996	0	0	0
461	156	1,678081	7,398514	0	0	0
462	157	1,677881	7,392924	0	0	0
463	158	1,676167	7,387511	0	0	0
464	159	1,682604	7,384156	0	0	0
465	162	1,682074	7,38808	0	0	0
466	163	1,681828	7,384797	0	0	0
467	161	1,67534	7,390334	0	0	0
468	159	1,675352	7,385166	0	0	0
469	160	1,670903	7,393413	0	0	0
470	162	1,680404	7,408243	0	0	0
471	161	1,682307	7,415824	0	0	0
472	160	1,677415	7,412422	0	0	0
473	160	1,677415	7,412422	0	0	0
474	160	1,677415	7,412422	0	0	0
475	157	1,681864	7,450851	0	0	0
476	157	1,669336	7,431478	0	0	0
477	157	1,669336	7,431478	0	0	0
478	160	1,672378	7,428603	0	0	0
479	159	1,675277	7,433512	0	0	0
480	158	1,67107	7,410611	0	0	0
481	159	1,677467	7,417611	0	0	0
482	160	1,674013	7,440443	0	0	0
483	159	1,671452	7,439931	0	0	0
484	159	1,671452	7,439931	0	0	0
485	158	1,674804	7,417012	0	0	0
486	161	1,675574	7,396322	0	0	0
487	162	1,678184	7,400471	0	0	0
488	159	1,667236	7,40178	0	0	0
489	160	1,668208	7,413371	0	0	0
490	159	1,67039	7,422125	0	0	0
491	160	1,669823	7,439612	0	0	0
492	161	1,67646	7,469727	0	0	0
493	161	1,677884	7,471831	0	0	0
494	159	1,668582	7,462334	0	0	0
495	158	1,669448	7,461052	0	0	0
496	158	1,679547	7,459372	0	0	0
497	158	1,677987	7,461097	0	0	0
498	157	1,667004	7,496529	0	0	0
499	157	1,665325	7,494246	0	0	0
500	156	1,66411	7,483199	0	0	0
501	157	1,667514	7,497593	0	0	0
502	157	1,667514	7,497593	0	0	0
503	158	1,668877	7,475356	0	0	0
504	160	1,673322	7,516253	0	0	0
505	160	1,683351	7,507766	0	0	0
506	159	1,682226	7,512266	0	0	0
507	160	1,680074	7,501857	0	0	0
508	161	1,677828	7,486029	0	0	0
509	160	1,675151	7,476059	0	0	0
510	158	1,67128	7,48359	0	0	0
511	159	1,671878	7,490678	0	0	0
512	159	1,671878	7,490678	0	0	0
513	159	1,67444	7,495184	0	0	0
514	159	1,67444	7,495184	0	0	0
515	160	1,681704	7,523486	0	0	0
516	162	1,686293	7,513099	0	0	0
517	160	1,674757	7,492938	0	0	0
518	160	1,682901	7,490996	0	0	0
519	160	1,686859	7,491791	0	0	0
520	161	1,691566	7,504985	0	0	0
521	164	1,694342	7,508563	0	0	0
522	164	1,694342	7,508563	0	0	0
523	162	1,696242	7,491715	0	0	0
524	165	1,704284	7,498657	0	0	0
525	165	1,704284	7,498657	0	0	0
526	168	1,708774	7,505604	0	0	0
527	167	1,712762	7,512069	0	0	0
528	168	1,71703	7,512552	0	0	0
529	168	1,71703	7,512552	0	0	0
530	167	1,715395	7,503292	0	0	0
531	166	1,716866	7,500018	0	0	0
532	166	1,712994	7,523012	0	0	0
533	164	1,70455	7,519688	0	0	0
534	162	1,696279	7,529907	0	0	0
535	161	1,694178	7,516589	0	0	0
536	162	1,705128	7,510111	0	0	0
537	164	1,695431	7,541631	0	0	0
538	165	1,697354	7,548151	0	0	0
539	165	1,697354	7,548151	0	0	0
540	164	1,697044	7,539554	0	0	0
541	165	1,707811	7,531763	0	0	0
542	167	1,702724	7,542858	0	0	0
543	166	1,704195	7,551542	0	0	0
544	165	1,692532	7,562801	0	0	0
545	167	1,691735	7,561432	0	0	0
546	166	1,695799	7,557546	0	0	0
547	166	1,695799	7,557546	0	0	0
548	165	1,701979	7,552714	0	0	0
549	165	1,702868	7,55839	0	0	0
550	166	1,701828	7,546327	0	0	0
551	165	1,702955	7,545648	0	0	0
552	168	1,717496	7,57182	0	0	0
553	167	1,718965	7,567745	0	0	0
554	169	1,720806	7,573812	0	0	0
555	169	1,720806	7,573812	0	0	0
556	169	1,724811	7,557515	0	0	0
557	171	1,72956	7,607374	0	0	0
558	171	1,72956	7,607374	0	0	0
559	170	1,725798	7,596712	0	0	0
560	170	1,731292	7,589806	0	0	0
561	170	1,731292	7,589806	0	0	0
562	168	1,728513	7,59979	0	0	0
563	169	1,716897	7,641726	0	0	0
564	170	1,714869	7,616163	0	0	0
565	170	1,716102	7,609148	0	0	0
566	169	1,71968	7,606882	0	0	0
567	168	1,716	7,600962	0	0	0
568	168	1,716	7,600962	0	0	0
569	170	1,714308	7,590032	0	0	0
570	170	1,718425	7,597363	0	0	0
571	172	1,720229	7,623579	0	0	0
572	172	1,715538	7,621576	0	0	0
573	173	1,717766	7,63812	0	0	0
574	173	1,719926	7,627409	0	0	0
575	175	1,72236	7,620861	0	0	0
576	178	1,723087	7,608756	0	0	0
577	177	1,729758	7,598525	0	0	0
578	177	1,73152	7,591549	0	0	0
579	177	1,734581	7,58192	0	0	0
580	179	1,73618	7,598874	0	0	0
581	179	1,73618	7,598874	0	0	0
582	180	1,7384	7,61031	0	0	0
583	182	1,742445	7,607965	0	0	0
584	186	1,757657	7,597401	0	0	0
585	186	1,765751	7,62078	0	0	0
586	186	1,765751	7,62078	0	0	0
587	185	1,770083	7,62711	0	0	0
588	182	1,77303	7,630023	0	0	0
589	183	1,771	7,627169	0	0	0
590	185	1,775763	7,646688	0	0	0
591	185	1,766341	7,645793	0	0	0
592	185	1,773549	7,649584	0	0	0
593	184	1,771343	7,657918	0	0	0
594	184	1,771343	7,657918	0	0	0
595	185	1,77297	7,661191	0	0	0
596	186	1,77207	7,648998	0	0	0
597	187	1,774919	7,662773	0	0	0
598	189	1,77764	7,665529	0	0	0
599	192	1,781811	7,672249	0	0	0
600	191	1,78097	7,666392	0	0	0
601	192	1,785075	7,671525	0	0	0
602	192	1,781284	7,666544	0	0	0
603	190	1,786782	7,671384	0	0	0
604	189	1,788191	7,667876	0	0	0
605	190	1,789166	7,68418	0	0	0
606	190	1,789166	7,68418	0	0	0
607	190	1,785077	7,677856	0	0	0
608	191	1,779919	7,691547	0	0	0
609	193	1,787471	7,695919	0	0	0
610	191	1,787399	7,714964	0	0	0
611	191	1,784276	7,700019	0	0	0
612	189	1,783585	7,706705	0	0	0
613	188	1,790026	7,719432	0	0	0
614	189	1,798688	7,75716	0	0	0
615	189	1,80025	7,748013	0	0	0
616	187	1,798918	7,739148	0	0	0
617	188	1,794047	7,739211	0	0	0
618	189	1,791846	7,732704	0	0	0
619	192	1,79231	7,721213	0	0	0
620	192	1,789257	7,736921	0	0	0
621	193	1,791957	7,742568	0	0	0
622	191	1,801995	7,740132	0	0	0
623	190	1,804708	7,745298	0	0	0
624	189	1,810006	7,780089	0	0	0
625	186	1,806139	7,782077	0	0	0
626	186	1,808923	7,7761	0	0	0
627	188	1,812311	7,790334	0	0	0
628	188	1,813789	7,803682	0	0	0
629	190	1,813765	7,770693	0	0	0
630	190	1,813765	7,770693	0	0	0
631	191	1,8146	7,784056	0	0	0
632	190	1,815521	7,769892	0	0	0
633	193	1,804875	7,770597	0	0	0
634	193	1,803687	7,752133	0	0	0
635	193	1,798278	7,752684	0	0	0
636	192	1,796178	7,742683	0	0	0
637	190	1,793753	7,713198	0	0	0
638	192	1,800291	7,71967	0	0	0
639	188	1,795915	7,707336	0	0	0
640	188	1,795915	7,707336	0	0	0
641	186	1,791606	7,746939	0	0	0
642	187	1,790518	7,749331	0	0	0
643	186	1,785865	7,758283	0	0	0
644	186	1,784929	7,748121	0	0	0
645	187	1,781516	7,729386	0	0	0
646	185	1,77934	7,752912	0	0	0
647	185	1,77934	7,752912	0	0	0
648	187	1,778667	7,77084	0	0	0
649	187	1,778667	7,77084	0	0	0
650	187	1,785826	7,767626	0	0	0
651	187	1,780873	7,79906	0	0	0
652	188	1,779801	7,7958	0	0	0
653	188	1,787724	7,787874	0	0	0
654	188	1,786448	7,791326	0	0	0
655	190	1,787751	7,790344	0	0	0
656	189	1,787467	7,78934	0	0	0
657	189	1,787467	7,78934	0	0	0
658	189	1,787467	7,78934	0	0	0
