TimeStep	 Blip Population	 Blip Speed	 Blip Vision	  Predator Population	 Predator Speed	 Predator Vision
0	50	1,37493	5,88734	0	0	0
1	50	1,37493	5,88734	0	0	0
2	50	1,37493	5,88734	0	0	0
3	50	1,37493	5,88734	0	0	0
4	50	1,37493	5,88734	0	0	0
5	50	1,37493	5,88734	0	0	0
6	50	1,37493	5,88734	0	0	0
7	50	1,37493	5,88734	0	0	0
8	50	1,37493	5,88734	0	0	0
9	50	1,37493	5,88734	0	0	0
10	50	1,37493	5,88734	0	0	0
11	50	1,37493	5,88734	0	0	0
12	50	1,37493	5,88734	0	0	0
13	51	1,38188	5,933715	0	0	0
14	51	1,38188	5,933715	0	0	0
15	51	1,38188	5,933715	0	0	0
16	51	1,38188	5,933715	0	0	0
17	52	1,382738	5,93141	0	0	0
18	54	1,372817	5,916274	0	0	0
19	54	1,372817	5,916274	0	0	0
20	54	1,372817	5,916274	0	0	0
21	54	1,372817	5,916274	0	0	0
22	54	1,372817	5,916274	0	0	0
23	54	1,372817	5,916274	0	0	0
24	55	1,387266	5,943208	0	0	0
25	56	1,394014	5,933693	0	0	0
26	56	1,394014	5,933693	0	0	0
27	57	1,384394	5,916355	0	0	0
28	59	1,389247	5,937397	0	0	0
29	61	1,392593	5,959994	0	0	0
30	63	1,399989	5,935681	0	0	0
31	64	1,396528	5,931072	0	0	0
32	65	1,398694	5,933178	0	0	0
33	66	1,390349	5,915769	0	0	0
34	66	1,390349	5,915769	0	0	0
35	68	1,400337	5,923563	0	0	0
36	69	1,389702	5,913448	0	0	0
37	69	1,389702	5,913448	0	0	0
38	70	1,398336	5,921767	0	0	0
39	72	1,396093	5,893354	0	0	0
40	73	1,394879	5,905917	0	0	0
41	74	1,394655	5,90253	0	0	0
42	76	1,397082	5,922368	0	0	0
43	76	1,397082	5,922368	0	0	0
44	76	1,397082	5,922368	0	0	0
45	76	1,397082	5,922368	0	0	0
46	76	1,397082	5,922368	0	0	0
47	77	1,395047	5,953682	0	0	0
48	78	1,388509	5,969651	0	0	0
49	78	1,388509	5,969651	0	0	0
50	80	1,394485	5,964051	0	0	0
51	82	1,391523	5,941368	0	0	0
52	82	1,391523	5,941368	0	0	0
53	82	1,391523	5,941368	0	0	0
54	82	1,391523	5,941368	0	0	0
55	84	1,389145	5,950292	0	0	0
56	86	1,395973	5,96323	0	0	0
57	86	1,395973	5,96323	0	0	0
58	87	1,389561	5,961839	0	0	0
59	87	1,389561	5,961839	0	0	0
60	88	1,400812	5,963995	0	0	0
61	89	1,399078	5,939635	0	0	0
62	91	1,406327	5,983449	0	0	0
63	92	1,402739	5,988945	0	0	0
64	93	1,400563	5,983932	0	0	0
65	94	1,397869	6,007718	0	0	0
66	95	1,39643	6,022422	0	0	0
67	96	1,399475	6,01944	0	0	0
68	97	1,394413	6,029494	0	0	0
69	99	1,401456	6,006512	0	0	0
70	99	1,401456	6,006512	0	0	0
71	101	1,408775	5,992119	0	0	0
72	103	1,399928	5,996557	0	0	0
73	103	1,399928	5,996557	0	0	0
74	104	1,402697	5,997887	0	0	0
75	104	1,402697	5,997887	0	0	0
76	104	1,402697	5,997887	0	0	0
77	104	1,402697	5,997887	0	0	0
78	105	1,398928	5,982583	0	0	0
79	107	1,398858	5,989473	0	0	0
80	108	1,39846	5,992334	0	0	0
81	109	1,39558	5,990755	0	0	0
82	112	1,388377	5,993248	0	0	0
83	112	1,388377	5,993248	0	0	0
84	112	1,388377	5,993248	0	0	0
85	113	1,38475	6,005687	0	0	0
86	115	1,400885	5,997363	0	0	0
87	115	1,400885	5,997363	0	0	0
88	115	1,400885	5,997363	0	0	0
89	116	1,401026	5,998954	0	0	0
90	119	1,402688	6,000811	0	0	0
91	120	1,406471	5,997661	0	0	0
92	122	1,409101	5,990763	0	0	0
93	122	1,409101	5,990763	0	0	0
94	123	1,413506	5,98249	0	0	0
95	124	1,420526	5,985698	0	0	0
96	124	1,420526	5,985698	0	0	0
97	126	1,416013	5,979053	0	0	0
98	127	1,419244	5,978132	0	0	0
99	128	1,421213	5,966913	0	0	0
100	129	1,421551	5,963048	0	0	0
101	131	1,425785	5,94859	0	0	0
102	132	1,42519	5,957165	0	0	0
103	132	1,42519	5,957165	0	0	0
104	134	1,423482	5,976912	0	0	0
105	135	1,420937	5,978311	0	0	0
106	136	1,417164	5,972059	0	0	0
107	136	1,408763	5,961742	0	0	0
108	135	1,406408	5,968637	0	0	0
109	138	1,41081	6,021079	0	0	0
110	138	1,41424	6,011312	0	0	0
111	139	1,414243	6,007606	0	0	0
112	142	1,425333	5,975181	0	0	0
113	141	1,419404	5,983029	0	0	0
114	142	1,419869	5,96947	0	0	0
115	142	1,419869	5,96947	0	0	0
116	143	1,421317	5,964499	0	0	0
117	148	1,414066	5,956462	0	0	0
118	148	1,414066	5,956462	0	0	0
119	148	1,414066	5,956462	0	0	0
120	150	1,410483	5,964751	0	0	0
121	152	1,413094	5,98651	0	0	0
122	152	1,413876	5,99124	0	0	0
123	154	1,419379	5,988633	0	0	0
124	155	1,424069	5,987581	0	0	0
125	153	1,420818	5,997583	0	0	0
126	154	1,421251	6,008379	0	0	0
127	155	1,419446	6,008379	0	0	0
128	157	1,420759	6,015718	0	0	0
129	159	1,420766	6,017335	0	0	0
130	158	1,421183	6,018613	0	0	0
131	157	1,423615	6,018916	0	0	0
132	159	1,424314	6,01321	0	0	0
133	160	1,42715	6,026247	0	0	0
134	161	1,427576	6,023311	0	0	0
135	163	1,431284	6,025128	0	0	0
136	165	1,434269	6,022469	0	0	0
137	164	1,432751	6,016916	0	0	0
138	164	1,435269	6,009624	0	0	0
139	165	1,43187	6,003346	0	0	0
140	166	1,435132	5,995023	0	0	0
141	166	1,435132	5,995023	0	0	0
142	168	1,434033	6,020771	0	0	0
143	172	1,438915	6,024716	0	0	0
144	173	1,444268	6,017675	0	0	0
145	176	1,439729	6,014972	0	0	0
146	176	1,439729	6,014972	0	0	0
147	177	1,441108	6,001925	0	0	0
148	177	1,435345	6,024972	0	0	0
149	178	1,436588	5,999839	0	0	0
150	179	1,440135	6,010679	0	0	0
151	181	1,438202	6,007824	0	0	0
152	182	1,441652	5,998046	0	0	0
153	183	1,444676	6,013927	0	0	0
154	185	1,442716	6,033661	0	0	0
155	188	1,445658	6,031525	0	0	0
156	188	1,446869	6,029405	0	0	0
157	188	1,44866	6,037382	0	0	0
158	188	1,44866	6,037382	0	0	0
159	188	1,44866	6,037382	0	0	0
160	191	1,455311	6,04144	0	0	0
161	195	1,46818	6,061346	0	0	0
162	196	1,466525	6,070636	0	0	0
163	195	1,47007	6,057947	0	0	0
164	196	1,474858	6,060538	0	0	0
165	196	1,476769	6,067092	0	0	0
166	201	1,484318	6,045608	0	0	0
167	201	1,483034	6,04792	0	0	0
168	202	1,493324	6,072139	0	0	0
169	202	1,497518	6,084305	0	0	0
170	203	1,501083	6,082193	0	0	0
171	204	1,498552	6,083303	0	0	0
172	207	1,503929	6,103988	0	0	0
173	210	1,512008	6,096889	0	0	0
174	213	1,512427	6,077535	0	0	0
175	216	1,525922	6,056036	0	0	0
176	220	1,524579	6,0572	0	0	0
177	222	1,518912	6,048723	0	0	0
178	223	1,518987	6,053881	0	0	0
179	225	1,519264	6,051304	0	0	0
180	229	1,520948	6,040915	0	0	0
181	228	1,51829	6,030081	0	0	0
182	230	1,516455	6,05077	0	0	0
183	230	1,516455	6,05077	0	0	0
184	231	1,515265	6,06706	0	0	0
185	231	1,516271	6,066828	0	0	0
186	232	1,518949	6,062252	0	0	0
187	234	1,519116	6,057629	0	0	0
188	237	1,52604	6,0749	0	0	0
189	242	1,512958	6,104722	0	0	0
190	244	1,518101	6,086529	0	0	0
191	247	1,516911	6,076445	0	0	0
192	248	1,513991	6,082096	0	0	0
193	251	1,518508	6,080156	0	0	0
194	251	1,518508	6,080156	0	0	0
195	256	1,518551	6,089951	0	0	0
196	257	1,521222	6,088272	0	0	0
197	260	1,522907	6,089012	0	0	0
198	263	1,515831	6,087836	0	0	0
199	264	1,521899	6,097863	0	0	0
200	264	1,522284	6,094202	0	0	0
201	265	1,524572	6,087465	0	0	0
202	271	1,52765	6,088222	0	0	0
203	272	1,530416	6,093449	0	0	0
204	274	1,534239	6,096707	0	0	0
205	277	1,537392	6,089942	0	0	0
206	278	1,538481	6,087086	0	0	0
207	283	1,531408	6,081655	0	0	0
208	285	1,536472	6,087673	0	0	0
209	289	1,534706	6,101006	0	0	0
210	292	1,533435	6,091632	0	0	0
211	293	1,536578	6,088394	0	0	0
212	300	1,5339	6,089795	0	0	0
213	300	1,534892	6,083162	0	0	0
214	301	1,534787	6,073936	0	0	0
215	303	1,531567	6,084393	0	0	0
216	312	1,537603	6,083903	0	0	0
217	314	1,538605	6,079184	0	0	0
218	316	1,536265	6,073666	0	0	0
219	319	1,535079	6,092412	0	0	0
220	319	1,536834	6,085434	0	0	0
221	323	1,537778	6,100972	0	0	0
222	326	1,5365	6,097198	0	0	0
223	328	1,536574	6,091236	0	0	0
224	330	1,538972	6,08531	0	0	0
225	331	1,541093	6,08364	0	0	0
226	333	1,542503	6,079835	0	0	0
227	338	1,539887	6,065119	0	0	0
228	338	1,538693	6,063217	0	0	0
229	336	1,53828	6,064791	0	0	0
230	336	1,537572	6,067735	0	0	0
231	337	1,539803	6,074117	0	0	0
232	338	1,543031	6,074284	0	0	0
233	338	1,543712	6,080766	0	0	0
234	342	1,54541	6,08815	0	0	0
235	344	1,548587	6,105986	0	0	0
236	345	1,551751	6,100893	0	0	0
237	347	1,553585	6,107848	0	0	0
238	347	1,553347	6,099272	0	0	0
239	347	1,554464	6,098405	0	0	0
240	350	1,556447	6,09349	0	0	0
241	351	1,561632	6,110558	0	0	0
242	353	1,560134	6,111653	0	0	0
243	356	1,558215	6,118683	0	0	0
244	363	1,554732	6,119034	0	0	0
245	366	1,556688	6,11561	0	0	0
246	367	1,556185	6,113363	0	0	0
247	367	1,556667	6,116774	0	0	0
248	372	1,563161	6,130936	0	0	0
249	372	1,564763	6,129888	0	0	0
250	375	1,564601	6,130122	0	0	0
251	375	1,569241	6,127058	0	0	0
252	379	1,57208	6,12274	0	0	0
253	383	1,571758	6,119948	0	0	0
254	389	1,5664	6,134982	0	0	0
255	389	1,566387	6,130198	0	0	0
256	388	1,566089	6,122007	0	0	0
257	389	1,566877	6,117116	0	0	0
258	393	1,564973	6,110846	0	0	0
259	400	1,566291	6,103467	0	0	0
260	400	1,564071	6,098098	0	0	0
261	404	1,564824	6,1176	0	0	0
262	405	1,563928	6,104515	0	0	0
263	406	1,570693	6,096576	0	0	0
264	407	1,569966	6,090589	0	0	0
265	411	1,579432	6,094626	0	0	0
266	412	1,582397	6,091919	0	0	0
267	413	1,582426	6,096838	0	0	0
268	417	1,584422	6,099954	0	0	0
269	418	1,585666	6,105467	0	0	0
270	421	1,588589	6,104154	0	0	0
271	420	1,585518	6,126911	0	0	0
272	423	1,587044	6,122806	0	0	0
273	426	1,584835	6,115292	0	0	0
274	428	1,584317	6,1183	0	0	0
275	432	1,582725	6,110519	0	0	0
276	433	1,585153	6,11228	0	0	0
277	435	1,585551	6,111777	0	0	0
278	439	1,588309	6,113017	0	0	0
279	440	1,588713	6,115681	0	0	0
280	445	1,586759	6,123528	0	0	0
281	447	1,591124	6,131983	0	0	0
282	448	1,590486	6,13015	0	0	0
283	451	1,589283	6,137938	0	0	0
284	451	1,589283	6,137938	0	0	0
285	454	1,59214	6,129013	0	0	0
286	456	1,587341	6,124768	0	0	0
287	459	1,587691	6,126342	0	0	0
288	462	1,585667	6,128472	0	0	0
289	465	1,585538	6,119583	0	0	0
290	462	1,586355	6,122542	0	0	0
291	463	1,585048	6,126053	0	0	0
292	465	1,590038	6,11544	0	0	0
293	473	1,593861	6,114588	0	0	0
294	477	1,59541	6,121365	0	0	0
295	479	1,594048	6,126026	0	0	0
296	480	1,589434	6,131136	0	0	0
297	481	1,589693	6,129395	0	0	0
298	484	1,592198	6,133198	0	0	0
299	487	1,594073	6,14175	0	0	0
300	489	1,593667	6,144796	0	0	0
301	488	1,59271	6,148995	0	0	0
302	491	1,586254	6,139189	0	0	0
303	492	1,585725	6,137557	0	0	0
304	492	1,588276	6,135301	0	0	0
305	499	1,590438	6,112206	0	0	0
306	499	1,589871	6,119092	0	0	0
307	499	1,590726	6,123384	0	0	0
308	502	1,588871	6,116771	0	0	0
309	504	1,592292	6,095312	0	0	0
310	508	1,592668	6,100768	0	0	0
311	512	1,591285	6,106986	0	0	0
312	509	1,59321	6,119871	0	0	0
313	512	1,593839	6,118706	0	0	0
314	516	1,591194	6,120625	0	0	0
315	522	1,593264	6,118695	0	0	0
316	521	1,593199	6,120346	0	0	0
317	516	1,596944	6,124161	0	0	0
318	517	1,596455	6,130489	0	0	0
319	522	1,59608	6,139413	0	0	0
320	522	1,597105	6,135071	0	0	0
321	522	1,599201	6,12923	0	0	0
322	528	1,595572	6,129659	0	0	0
323	527	1,592719	6,131896	0	0	0
324	529	1,590409	6,132286	0	0	0
325	529	1,591038	6,131624	0	0	0
326	530	1,59374	6,126489	0	0	0
327	529	1,593966	6,12106	0	0	0
328	531	1,596794	6,120481	0	0	0
329	538	1,591868	6,123924	0	0	0
330	539	1,591784	6,116714	0	0	0
331	539	1,59255	6,117658	0	0	0
332	539	1,592556	6,125213	0	0	0
333	545	1,592116	6,117169	0	0	0
334	548	1,588468	6,13191	0	0	0
335	546	1,585442	6,127736	0	0	0
336	545	1,584649	6,131917	0	0	0
337	548	1,585535	6,132118	0	0	0
338	548	1,584336	6,131545	0	0	0
339	544	1,588166	6,136035	0	0	0
340	544	1,585796	6,132818	0	0	0
341	545	1,585015	6,128688	0	0	0
342	545	1,592186	6,123662	0	0	0
343	544	1,589414	6,126855	0	0	0
344	546	1,584541	6,129155	0	0	0
345	545	1,583402	6,14587	0	0	0
346	550	1,584198	6,142551	0	0	0
347	550	1,583485	6,146465	0	0	0
348	552	1,585326	6,146915	0	0	0
349	551	1,584845	6,148511	0	0	0
350	549	1,583748	6,150533	0	0	0
351	552	1,586417	6,144834	0	0	0
352	554	1,583142	6,159574	0	0	0
353	559	1,582791	6,155371	0	0	0
354	558	1,583933	6,15125	0	0	0
355	553	1,585073	6,148218	0	0	0
356	556	1,586085	6,160238	0	0	0
357	556	1,588282	6,144636	0	0	0
358	556	1,59016	6,140355	0	0	0
359	563	1,589184	6,133959	0	0	0
360	561	1,588632	6,131584	0	0	0
361	557	1,584257	6,139788	0	0	0
362	558	1,584718	6,12211	0	0	0
363	563	1,581951	6,105939	0	0	0
364	565	1,581554	6,098868	0	0	0
365	566	1,580285	6,092795	0	0	0
366	566	1,578148	6,096254	0	0	0
367	568	1,575382	6,09005	0	0	0
368	567	1,570883	6,090624	0	0	0
369	567	1,567457	6,093024	0	0	0
370	561	1,56583	6,098482	0	0	0
371	557	1,566599	6,109181	0	0	0
372	559	1,570468	6,10505	0	0	0
373	558	1,569954	6,098207	0	0	0
374	559	1,571515	6,107308	0	0	0
375	558	1,568939	6,099905	0	0	0
376	557	1,568661	6,107351	0	0	0
377	558	1,5721	6,112356	0	0	0
378	559	1,570178	6,110006	0	0	0
379	560	1,570995	6,111838	0	0	0
380	557	1,572086	6,113156	0	0	0
381	561	1,565672	6,116009	0	0	0
382	557	1,568825	6,12466	0	0	0
383	557	1,566361	6,131493	0	0	0
384	559	1,56203	6,136234	0	0	0
385	563	1,564422	6,133366	0	0	0
386	565	1,56586	6,147361	0	0	0
387	566	1,56828	6,134152	0	0	0
388	566	1,564514	6,116159	0	0	0
389	563	1,566583	6,095241	0	0	0
390	563	1,570196	6,108824	0	0	0
391	563	1,572115	6,11517	0	0	0
392	563	1,573348	6,107317	0	0	0
393	556	1,568006	6,106314	0	0	0
394	557	1,568276	6,108502	0	0	0
395	554	1,569444	6,101618	0	0	0
396	550	1,569389	6,087871	0	0	0
397	550	1,569233	6,092538	0	0	0
398	552	1,569883	6,09509	0	0	0
399	550	1,566736	6,08813	0	0	0
400	550	1,566513	6,087805	0	0	0
401	551	1,566583	6,091127	0	0	0
402	551	1,574368	6,093323	0	0	0
403	555	1,574697	6,085224	0	0	0
404	556	1,570765	6,08174	0	0	0
405	560	1,567607	6,084182	0	0	0
406	560	1,567572	6,085565	0	0	0
407	556	1,575263	6,088389	0	0	0
408	559	1,5732	6,083517	0	0	0
409	559	1,577296	6,079412	0	0	0
410	561	1,579292	6,06773	0	0	0
411	559	1,578606	6,062991	0	0	0
412	558	1,58315	6,059413	0	0	0
413	556	1,583618	6,053971	0	0	0
414	553	1,581493	6,063458	0	0	0
415	549	1,58389	6,060878	0	0	0
416	547	1,581519	6,045877	0	0	0
417	550	1,580285	6,044564	0	0	0
418	547	1,585177	6,043511	0	0	0
419	549	1,584346	6,038938	0	0	0
420	549	1,581148	6,047068	0	0	0
421	548	1,58267	6,034599	0	0	0
422	547	1,581638	6,036828	0	0	0
423	547	1,581375	6,029463	0	0	0
424	552	1,585907	6,01835	0	0	0
425	550	1,582964	6,022218	0	0	0
426	546	1,581857	6,016782	0	0	0
427	544	1,585999	6,001993	0	0	0
428	545	1,586385	6,004731	0	0	0
429	544	1,586205	5,993895	0	0	0
430	545	1,585638	6,001497	0	0	0
431	548	1,583812	6,004714	0	0	0
432	552	1,581972	6,011307	0	0	0
433	556	1,582749	6,000768	0	0	0
434	558	1,580105	5,984252	0	0	0
435	556	1,579728	5,975955	0	0	0
436	558	1,579207	5,984627	0	0	0
437	555	1,57356	5,973822	0	0	0
438	558	1,574075	5,973849	0	0	0
439	562	1,572421	5,967329	0	0	0
440	565	1,576399	5,970318	0	0	0
441	562	1,579228	5,957779	0	0	0
442	562	1,579682	5,961167	0	0	0
443	560	1,580724	5,94164	0	0	0
444	558	1,581055	5,923347	0	0	0
445	558	1,579857	5,924563	0	0	0
446	556	1,580299	5,927153	0	0	0
447	557	1,580471	5,934798	0	0	0
448	556	1,580096	5,917694	0	0	0
449	556	1,582893	5,906393	0	0	0
450	554	1,583524	5,898472	0	0	0
451	555	1,588056	5,896011	0	0	0
452	555	1,582094	5,884685	0	0	0
453	552	1,581647	5,879572	0	0	0
454	549	1,582511	5,885641	0	0	0
455	548	1,586325	5,880385	0	0	0
456	549	1,582587	5,885703	0	0	0
457	550	1,583687	5,881165	0	0	0
458	548	1,587352	5,889462	0	0	0
459	551	1,59054	5,867941	0	0	0
460	552	1,594763	5,869345	0	0	0
461	551	1,596389	5,857118	0	0	0
462	549	1,597879	5,862255	0	0	0
463	549	1,599677	5,86378	0	0	0
464	549	1,60138	5,868514	0	0	0
465	549	1,598716	5,86542	0	0	0
466	555	1,597885	5,861125	0	0	0
467	548	1,594043	5,861613	0	0	0
468	545	1,591847	5,874709	0	0	0
469	547	1,588104	5,870344	0	0	0
470	542	1,587372	5,861169	0	0	0
471	541	1,590265	5,845733	0	0	0
472	544	1,585252	5,844301	0	0	0
473	542	1,586881	5,848984	0	0	0
474	539	1,588475	5,857527	0	0	0
475	541	1,590358	5,860683	0	0	0
476	540	1,591923	5,862239	0	0	0
477	544	1,594241	5,855508	0	0	0
478	539	1,593475	5,852671	0	0	0
479	540	1,597596	5,85328	0	0	0
480	536	1,603866	5,832053	0	0	0
481	537	1,599579	5,837592	0	0	0
482	535	1,60193	5,832025	0	0	0
483	535	1,603432	5,836153	0	0	0
484	537	1,601815	5,833877	0	0	0
485	537	1,596667	5,841808	0	0	0
486	538	1,592402	5,848304	0	0	0
487	537	1,591733	5,83817	0	0	0
488	535	1,592999	5,841299	0	0	0
489	536	1,593379	5,845317	0	0	0
490	538	1,588977	5,8466	0	0	0
491	544	1,589686	5,83845	0	0	0
492	544	1,589763	5,839083	0	0	0
493	537	1,580039	5,835951	0	0	0
494	538	1,582189	5,829057	0	0	0
495	533	1,577764	5,827948	0	0	0
496	532	1,578078	5,817644	0	0	0
497	531	1,576242	5,818417	0	0	0
498	529	1,577632	5,816015	0	0	0
499	536	1,573966	5,811124	0	0	0
500	537	1,576706	5,821613	0	0	0
501	536	1,57459	5,826648	0	0	0
502	532	1,576202	5,823453	0	0	0
503	532	1,575313	5,808535	0	0	0
504	534	1,570914	5,816456	0	0	0
505	528	1,572358	5,827661	0	0	0
506	530	1,574423	5,815634	0	0	0
507	533	1,577608	5,808665	0	0	0
508	534	1,578662	5,812515	0	0	0
509	531	1,57789	5,815137	0	0	0
510	531	1,576616	5,814849	0	0	0
511	531	1,578353	5,791502	0	0	0
512	533	1,57425	5,786812	0	0	0
513	533	1,57109	5,777801	0	0	0
514	534	1,568331	5,7812	0	0	0
515	534	1,565916	5,781344	0	0	0
516	537	1,567969	5,773095	0	0	0
517	538	1,568243	5,771563	0	0	0
518	540	1,568905	5,775261	0	0	0
519	540	1,567522	5,770927	0	0	0
520	540	1,566037	5,774745	0	0	0
521	542	1,562185	5,780489	0	0	0
522	539	1,567803	5,775829	0	0	0
523	542	1,567149	5,773611	0	0	0
524	540	1,567752	5,7637	0	0	0
525	540	1,564376	5,753566	0	0	0
526	543	1,560192	5,750075	0	0	0
527	544	1,562032	5,752775	0	0	0
528	542	1,559414	5,74859	0	0	0
529	538	1,56933	5,734451	0	0	0
530	536	1,561728	5,733842	0	0	0
531	533	1,559793	5,725264	0	0	0
532	530	1,560998	5,734072	0	0	0
533	525	1,560036	5,730136	0	0	0
534	524	1,56704	5,708708	0	0	0
535	523	1,568977	5,706234	0	0	0
536	520	1,570407	5,702346	0	0	0
537	521	1,568143	5,697352	0	0	0
538	525	1,573151	5,701384	0	0	0
539	527	1,571294	5,706182	0	0	0
540	530	1,578534	5,716862	0	0	0
541	532	1,580352	5,723525	0	0	0
542	531	1,580412	5,719841	0	0	0
543	527	1,580168	5,714801	0	0	0
544	530	1,582325	5,706143	0	0	0
545	532	1,583416	5,703269	0	0	0
546	532	1,586503	5,700761	0	0	0
547	534	1,58562	5,698173	0	0	0
548	536	1,592441	5,702889	0	0	0
549	538	1,591597	5,721045	0	0	0
550	538	1,590046	5,721113	0	0	0
551	535	1,592358	5,734894	0	0	0
552	534	1,594968	5,722869	0	0	0
553	533	1,596117	5,723734	0	0	0
554	536	1,592526	5,717262	0	0	0
555	540	1,59213	5,719175	0	0	0
556	542	1,590414	5,715488	0	0	0
557	535	1,58458	5,720697	0	0	0
558	532	1,584834	5,722924	0	0	0
559	527	1,586142	5,731648	0	0	0
560	529	1,586131	5,745168	0	0	0
561	528	1,585677	5,731467	0	0	0
562	527	1,585215	5,724826	0	0	0
563	527	1,588745	5,731706	0	0	0
564	529	1,58673	5,732121	0	0	0
565	529	1,58932	5,719908	0	0	0
566	529	1,59326	5,725521	0	0	0
567	522	1,590242	5,715543	0	0	0
568	523	1,593333	5,712985	0	0	0
569	529	1,593107	5,704542	0	0	0
570	529	1,59424	5,699921	0	0	0
571	534	1,598004	5,695189	0	0	0
572	535	1,595357	5,696644	0	0	0
573	533	1,591515	5,690339	0	0	0
574	534	1,594368	5,6886	0	0	0
575	534	1,597463	5,692777	0	0	0
576	536	1,592403	5,691735	0	0	0
577	536	1,588916	5,685665	0	0	0
578	536	1,59114	5,681716	0	0	0
579	536	1,587739	5,683652	0	0	0
580	537	1,58756	5,686264	0	0	0
581	536	1,586546	5,684642	0	0	0
582	539	1,586318	5,686115	0	0	0
583	542	1,584916	5,698236	0	0	0
584	539	1,585446	5,679361	0	0	0
585	537	1,582284	5,67651	0	0	0
586	537	1,578307	5,682853	0	0	0
587	532	1,578258	5,686715	0	0	0
588	530	1,578617	5,685108	0	0	0
589	528	1,57793	5,682692	0	0	0
590	529	1,57892	5,683102	0	0	0
591	531	1,579388	5,683869	0	0	0
592	532	1,582067	5,677854	0	0	0
593	535	1,58131	5,671091	0	0	0
594	538	1,579975	5,677282	0	0	0
595	543	1,574422	5,672648	0	0	0
596	549	1,577993	5,660208	0	0	0
597	547	1,578155	5,657385	0	0	0
598	544	1,579535	5,649201	0	0	0
599	545	1,582051	5,646171	0	0	0
600	548	1,580791	5,665024	0	0	0
601	551	1,583064	5,662893	0	0	0
602	553	1,579996	5,658082	0	0	0
603	552	1,579143	5,650661	0	0	0
604	554	1,582305	5,648455	0	0	0
605	549	1,579839	5,639585	0	0	0
606	554	1,579156	5,642974	0	0	0
607	553	1,578282	5,644159	0	0	0
608	549	1,579491	5,638305	0	0	0
609	549	1,57934	5,635621	0	0	0
610	549	1,575256	5,628996	0	0	0
611	551	1,576773	5,627679	0	0	0
612	550	1,576769	5,623794	0	0	0
613	552	1,583597	5,61684	0	0	0
614	551	1,586965	5,613395	0	0	0
615	550	1,582847	5,612835	0	0	0
616	544	1,587493	5,624176	0	0	0
617	544	1,590255	5,62134	0	0	0
618	548	1,593384	5,622072	0	0	0
619	548	1,595016	5,624166	0	0	0
620	547	1,600434	5,62443	0	0	0
621	553	1,596885	5,621897	0	0	0
622	554	1,596239	5,619533	0	0	0
623	554	1,596178	5,618477	0	0	0
624	555	1,590188	5,605237	0	0	0
625	554	1,592488	5,59523	0	0	0
626	554	1,591303	5,587572	0	0	0
627	555	1,588788	5,602005	0	0	0
628	556	1,590155	5,601007	0	0	0
629	558	1,591503	5,598596	0	0	0
630	558	1,591372	5,595427	0	0	0
631	557	1,590025	5,591138	0	0	0
632	555	1,584157	5,587851	0	0	0
633	552	1,581978	5,580496	0	0	0
634	545	1,586026	5,579756	0	0	0
635	551	1,582773	5,582597	0	0	0
636	546	1,579593	5,586214	0	0	0
637	551	1,584799	5,586255	0	0	0
638	554	1,587727	5,589657	0	0	0
639	555	1,589952	5,586348	0	0	0
640	554	1,590785	5,575391	0	0	0
641	554	1,589832	5,577303	0	0	0
642	553	1,58867	5,57592	0	0	0
643	551	1,589169	5,558577	0	0	0
644	551	1,590423	5,566771	0	0	0
645	549	1,589271	5,573028	0	0	0
646	552	1,590141	5,569797	0	0	0
647	552	1,583045	5,558446	0	0	0
648	550	1,576191	5,561992	0	0	0
649	547	1,572944	5,559188	0	0	0
650	541	1,568313	5,566852	0	0	0
651	544	1,572733	5,544439	0	0	0
652	545	1,57377	5,554199	0	0	0
653	548	1,571622	5,560837	0	0	0
654	546	1,571977	5,560875	0	0	0
655	543	1,567709	5,563756	0	0	0
656	544	1,568962	5,566274	0	0	0
