TimeStep	 Blip Population	 Blip Speed	 Blip Vision	  Predator Population	 Predator Speed	 Predator Vision
0	100	1,534523	6,152092	10	2,53406	9,026628
1	100	1,534523	6,152092	10	2,53406	9,026628
2	98	1,538347	6,161125	10	2,53406	9,026628
3	95	1,532791	6,146786	10	2,53406	9,026628
4	94	1,534414	6,154932	10	2,53406	9,026628
5	91	1,550809	6,142402	10	2,53406	9,026628
6	88	1,56064	6,157984	10	2,53406	9,026628
7	87	1,568993	6,139045	10	2,53406	9,026628
8	87	1,568993	6,139045	10	2,53406	9,026628
9	88	1,569094	6,148427	10	2,53406	9,026628
10	88	1,570195	6,176913	10	2,53406	9,026628
11	88	1,563752	6,210794	10	2,53406	9,026628
12	87	1,561873	6,204759	10	2,53406	9,026628
13	87	1,559751	6,221144	10	2,53406	9,026628
14	89	1,550731	6,241469	10	2,53406	9,026628
15	89	1,550731	6,241469	10	2,53406	9,026628
16	90	1,551801	6,254206	10	2,53406	9,026628
17	90	1,552583	6,24822	10	2,53406	9,026628
18	90	1,548936	6,261332	10	2,53406	9,026628
19	91	1,555945	6,297492	10	2,53406	9,026628
20	92	1,560987	6,265832	10	2,53406	9,026628
21	92	1,560987	6,265832	10	2,53406	9,026628
22	94	1,567174	6,296658	10	2,53406	9,026628
23	93	1,56987	6,301205	10	2,53406	9,026628
24	94	1,573843	6,29445	10	2,53406	9,026628
25	93	1,581807	6,271202	10	2,53406	9,026628
26	94	1,592577	6,288472	10	2,53406	9,026628
27	94	1,592577	6,288472	10	2,53406	9,026628
28	95	1,59513	6,296083	10	2,53406	9,026628
29	95	1,59513	6,296083	10	2,53406	9,026628
30	95	1,59513	6,296083	10	2,53406	9,026628
31	97	1,599825	6,320379	10	2,53406	9,026628
32	97	1,609951	6,325239	10	2,53406	9,026628
33	100	1,605224	6,333421	10	2,53406	9,026628
34	102	1,605016	6,332757	10	2,53406	9,026628
35	103	1,601566	6,34418	10	2,53406	9,026628
36	104	1,600868	6,344863	10	2,53406	9,026628
37	105	1,60565	6,35285	10	2,53406	9,026628
38	104	1,605996	6,36171	10	2,53406	9,026628
39	104	1,605996	6,36171	10	2,53406	9,026628
40	105	1,612177	6,355978	10	2,53406	9,026628
41	107	1,611035	6,348402	10	2,53406	9,026628
42	107	1,611035	6,348402	10	2,53406	9,026628
43	107	1,611035	6,348402	10	2,53406	9,026628
44	110	1,607071	6,370355	10	2,53406	9,026628
45	110	1,607071	6,370355	10	2,53406	9,026628
46	111	1,598385	6,369151	10	2,53406	9,026628
47	112	1,59457	6,354904	10	2,53406	9,026628
48	114	1,590324	6,378845	10	2,53406	9,026628
49	117	1,589308	6,348794	10	2,53406	9,026628
50	118	1,585755	6,345774	10	2,53406	9,026628
51	119	1,58083	6,341158	10	2,53406	9,026628
52	122	1,585188	6,351971	10	2,53406	9,026628
53	126	1,592099	6,335802	10	2,53406	9,026628
54	128	1,594391	6,311214	10	2,53406	9,026628
55	132	1,586791	6,337512	10	2,53406	9,026628
56	133	1,587799	6,344304	10	2,53406	9,026628
57	135	1,5844	6,349093	10	2,53406	9,026628
58	136	1,580672	6,330894	10	2,53406	9,026628
59	135	1,584999	6,323647	10	2,53406	9,026628
60	137	1,589959	6,308561	10	2,53406	9,026628
61	141	1,581154	6,3154	10	2,53406	9,026628
62	142	1,578479	6,310837	10	2,53406	9,026628
63	143	1,576144	6,294943	10	2,53406	9,026628
64	149	1,575685	6,293538	10	2,53406	9,026628
65	149	1,575685	6,293538	10	2,53406	9,026628
66	150	1,569771	6,291811	10	2,53406	9,026628
67	151	1,567966	6,284148	10	2,53406	9,026628
68	152	1,571375	6,291312	10	2,53406	9,026628
69	153	1,56793	6,301974	10	2,53406	9,026628
70	154	1,573516	6,310606	10	2,53406	9,026628
71	154	1,573516	6,310606	12	2,611619	8,910977
72	155	1,576226	6,307381	12	2,611619	8,910977
73	154	1,574953	6,295464	12	2,611619	8,910977
74	157	1,573792	6,314492	12	2,611619	8,910977
75	159	1,574404	6,302292	12	2,611619	8,910977
76	157	1,573469	6,297007	12	2,611619	8,910977
77	160	1,56459	6,315358	12	2,611619	8,910977
78	161	1,564534	6,31246	12	2,611619	8,910977
79	163	1,563068	6,320723	12	2,611619	8,910977
80	166	1,562216	6,291669	12	2,611619	8,910977
81	166	1,562321	6,293548	12	2,611619	8,910977
82	171	1,566901	6,276075	12	2,611619	8,910977
83	173	1,570313	6,275065	12	2,611619	8,910977
84	174	1,567078	6,286266	12	2,611619	8,910977
85	173	1,560843	6,30687	12	2,611619	8,910977
86	171	1,562312	6,299822	12	2,611619	8,910977
87	173	1,564306	6,293036	12	2,611619	8,910977
88	174	1,56589	6,303012	12	2,611619	8,910977
89	176	1,565057	6,321138	12	2,611619	8,910977
90	178	1,567386	6,326887	12	2,611619	8,910977
91	181	1,569936	6,320462	12	2,611619	8,910977
92	182	1,568553	6,329618	12	2,611619	8,910977
93	184	1,569781	6,338739	12	2,611619	8,910977
94	185	1,57111	6,33312	12	2,611619	8,910977
95	185	1,57111	6,33312	12	2,611619	8,910977
96	187	1,568727	6,342182	12	2,611619	8,910977
97	191	1,575378	6,33778	12	2,611619	8,910977
98	193	1,580324	6,350599	12	2,611619	8,910977
99	194	1,579137	6,340446	12	2,611619	8,910977
100	197	1,576276	6,346545	12	2,611619	8,910977
101	196	1,57876	6,338923	12	2,611619	8,910977
102	198	1,574617	6,342598	12	2,611619	8,910977
103	199	1,577506	6,33225	12	2,611619	8,910977
104	201	1,570209	6,294369	12	2,611619	8,910977
105	202	1,568625	6,303784	12	2,611619	8,910977
106	204	1,565779	6,291708	12	2,611619	8,910977
107	207	1,565458	6,278063	12	2,611619	8,910977
108	211	1,562249	6,298179	12	2,611619	8,910977
109	212	1,563047	6,306602	12	2,611619	8,910977
110	213	1,568246	6,300078	12	2,611619	8,910977
111	214	1,561595	6,291442	12	2,611619	8,910977
112	216	1,564376	6,289761	12	2,611619	8,910977
113	219	1,564699	6,282102	12	2,611619	8,910977
114	219	1,563656	6,293792	12	2,611619	8,910977
115	219	1,565691	6,291093	12	2,611619	8,910977
116	222	1,566644	6,28331	12	2,611619	8,910977
117	224	1,564094	6,293834	12	2,611619	8,910977
118	229	1,569741	6,305707	12	2,611619	8,910977
119	230	1,569874	6,308044	12	2,611619	8,910977
120	233	1,576751	6,321203	12	2,611619	8,910977
121	236	1,573794	6,325418	12	2,611619	8,910977
122	239	1,579605	6,335465	12	2,611619	8,910977
123	240	1,577874	6,328433	12	2,611619	8,910977
124	240	1,577874	6,328433	12	2,611619	8,910977
125	238	1,579585	6,358631	12	2,611619	8,910977
126	241	1,57493	6,338174	12	2,611619	8,910977
127	245	1,578505	6,314479	12	2,611619	8,910977
128	246	1,578018	6,319129	12	2,611619	8,910977
129	250	1,578297	6,308709	12	2,611619	8,910977
130	251	1,577246	6,318486	12	2,611619	8,910977
131	250	1,579789	6,316395	13	2,573436	8,893284
132	254	1,578069	6,342698	13	2,573436	8,893284
133	257	1,578245	6,351611	13	2,573436	8,893284
134	258	1,575483	6,34887	14	2,596693	8,845176
135	264	1,573226	6,345397	14	2,596693	8,845176
136	265	1,575773	6,347022	14	2,596693	8,845176
137	265	1,577798	6,349637	14	2,596693	8,845176
138	267	1,571682	6,382175	14	2,596693	8,845176
139	268	1,572889	6,370269	14	2,596693	8,845176
140	270	1,576222	6,384005	14	2,596693	8,845176
141	272	1,575059	6,365145	14	2,596693	8,845176
142	271	1,57693	6,376326	14	2,596693	8,845176
143	276	1,580601	6,379518	15	2,604527	8,6882
144	278	1,586161	6,372541	15	2,604527	8,6882
145	279	1,590907	6,369402	15	2,604527	8,6882
146	276	1,588615	6,375645	15	2,604527	8,6882
147	275	1,587003	6,388249	15	2,604527	8,6882
148	277	1,591401	6,369217	15	2,604527	8,6882
149	274	1,59187	6,370311	15	2,604527	8,6882
150	273	1,593097	6,378995	15	2,604527	8,6882
151	272	1,593765	6,383754	15	2,604527	8,6882
152	273	1,591359	6,393079	14	2,616995	8,73395
153	272	1,585888	6,402739	14	2,616995	8,73395
154	268	1,589533	6,404164	14	2,616995	8,73395
155	269	1,592764	6,392558	15	2,583421	8,899865
156	271	1,598002	6,389646	15	2,583421	8,899865
157	272	1,60658	6,391308	15	2,583421	8,899865
158	274	1,608168	6,382782	15	2,583421	8,899865
159	277	1,60913	6,385122	15	2,583421	8,899865
160	276	1,615336	6,366547	15	2,583421	8,899865
161	277	1,61528	6,37397	15	2,583421	8,899865
162	279	1,612371	6,36486	15	2,583421	8,899865
163	280	1,61321	6,360093	14	2,611391	8,909929
164	281	1,613364	6,365984	14	2,611391	8,909929
165	280	1,612053	6,370339	14	2,611391	8,909929
166	278	1,610551	6,368012	14	2,611391	8,909929
167	276	1,614022	6,375137	14	2,611391	8,909929
168	279	1,613874	6,384431	14	2,611391	8,909929
169	282	1,625381	6,409356	14	2,611391	8,909929
170	284	1,628904	6,408021	14	2,611391	8,909929
171	288	1,634421	6,409687	14	2,611391	8,909929
172	289	1,631851	6,424062	14	2,611391	8,909929
173	293	1,632125	6,425799	14	2,611391	8,909929
174	295	1,631526	6,429498	14	2,611391	8,909929
175	297	1,636457	6,427348	14	2,611391	8,909929
176	298	1,637244	6,425848	14	2,611391	8,909929
177	297	1,641522	6,437231	14	2,611391	8,909929
178	301	1,641845	6,438297	14	2,611391	8,909929
179	302	1,642637	6,438407	15	2,579957	8,83285
180	304	1,640956	6,433638	15	2,579957	8,83285
181	305	1,637163	6,43805	15	2,579957	8,83285
182	307	1,640558	6,4448	15	2,579957	8,83285
183	308	1,642702	6,441183	14	2,58217	8,705284
184	312	1,644197	6,426812	14	2,58217	8,705284
185	313	1,646888	6,429758	14	2,58217	8,705284
186	311	1,651207	6,432303	14	2,58217	8,705284
187	315	1,658808	6,420414	14	2,58217	8,705284
188	317	1,660007	6,428951	14	2,58217	8,705284
189	314	1,660773	6,437435	14	2,58217	8,705284
190	313	1,660847	6,441558	14	2,58217	8,705284
191	318	1,653282	6,43477	14	2,58217	8,705284
192	320	1,65929	6,434364	14	2,58217	8,705284
193	320	1,657737	6,436696	14	2,58217	8,705284
194	324	1,658687	6,444967	14	2,58217	8,705284
195	323	1,660937	6,444598	14	2,58217	8,705284
196	329	1,660064	6,427387	14	2,58217	8,705284
197	328	1,659888	6,430119	14	2,58217	8,705284
198	329	1,663151	6,430024	14	2,58217	8,705284
199	331	1,660854	6,416179	14	2,58217	8,705284
200	331	1,660913	6,416961	14	2,58217	8,705284
201	334	1,663854	6,428685	14	2,58217	8,705284
202	336	1,663283	6,442194	15	2,6486	8,654387
203	339	1,659535	6,453435	16	2,66101	8,627558
204	343	1,66077	6,447395	16	2,66101	8,627558
205	345	1,662545	6,443824	16	2,66101	8,627558
206	348	1,662916	6,441561	16	2,66101	8,627558
207	353	1,664637	6,455517	16	2,66101	8,627558
208	356	1,659546	6,46344	16	2,66101	8,627558
209	358	1,658851	6,460429	16	2,66101	8,627558
210	360	1,661239	6,466183	16	2,66101	8,627558
211	361	1,662952	6,465385	16	2,66101	8,627558
212	362	1,662379	6,460023	16	2,66101	8,627558
213	358	1,662135	6,452177	16	2,66101	8,627558
214	362	1,658686	6,435309	16	2,66101	8,627558
215	362	1,664729	6,432026	16	2,66101	8,627558
216	363	1,661881	6,426051	16	2,66101	8,627558
217	364	1,661066	6,428948	16	2,66101	8,627558
218	368	1,661351	6,433797	16	2,66101	8,627558
219	368	1,663038	6,438004	16	2,66101	8,627558
220	370	1,661264	6,447978	16	2,66101	8,627558
221	371	1,662105	6,446992	17	2,619353	8,625096
222	370	1,659828	6,432708	17	2,619353	8,625096
223	371	1,658028	6,441395	17	2,619353	8,625096
224	371	1,658558	6,430477	17	2,619353	8,625096
225	371	1,660007	6,437142	17	2,619353	8,625096
226	374	1,657493	6,448899	17	2,619353	8,625096
227	374	1,660752	6,442768	17	2,619353	8,625096
228	376	1,666813	6,45271	17	2,619353	8,625096
229	378	1,670931	6,456021	17	2,619353	8,625096
230	381	1,672638	6,444685	17	2,619353	8,625096
231	380	1,678486	6,441149	17	2,619353	8,625096
232	383	1,678735	6,43072	17	2,619353	8,625096
233	387	1,678871	6,438484	17	2,619353	8,625096
234	389	1,678459	6,437659	17	2,619353	8,625096
235	392	1,678558	6,437187	18	2,633622	8,615742
236	390	1,678708	6,43077	18	2,633622	8,615742
237	388	1,674788	6,435444	18	2,623815	8,517601
238	386	1,671316	6,433753	18	2,623815	8,517601
239	389	1,675949	6,438396	18	2,623815	8,517601
240	393	1,676588	6,43735	18	2,623815	8,517601
241	393	1,677888	6,434114	18	2,623815	8,517601
242	394	1,673195	6,433083	18	2,623815	8,517601
243	397	1,668684	6,422239	18	2,623815	8,517601
244	394	1,670341	6,427976	18	2,623815	8,517601
245	395	1,668976	6,426042	18	2,623815	8,517601
246	397	1,667102	6,422133	18	2,623815	8,517601
247	398	1,668056	6,418163	18	2,623815	8,517601
248	397	1,66818	6,405267	17	2,686293	8,410518
249	396	1,670572	6,409855	16	2,638014	8,328946
250	395	1,670722	6,409779	16	2,638014	8,328946
251	396	1,668941	6,406861	16	2,638014	8,328946
252	396	1,670374	6,40031	16	2,638014	8,328946
253	396	1,675365	6,397084	17	2,680022	8,274238
254	394	1,682149	6,383193	17	2,680022	8,274238
255	389	1,682535	6,377867	17	2,680022	8,274238
256	386	1,681493	6,389919	17	2,680022	8,274238
257	388	1,683457	6,399099	17	2,680022	8,274238
258	391	1,683997	6,398849	17	2,680022	8,274238
259	391	1,683656	6,383937	17	2,680022	8,274238
260	390	1,684898	6,399189	17	2,680022	8,274238
261	390	1,690204	6,403947	17	2,680022	8,274238
262	390	1,695088	6,387483	17	2,680022	8,274238
263	390	1,692816	6,368676	16	2,661036	8,276586
264	386	1,69324	6,350623	16	2,661036	8,276586
265	389	1,695706	6,349931	16	2,661036	8,276586
266	389	1,698359	6,339905	15	2,701527	8,339461
267	391	1,700757	6,34764	15	2,701527	8,339461
268	392	1,700133	6,338244	15	2,701527	8,339461
269	396	1,70298	6,319757	15	2,701527	8,339461
270	402	1,698444	6,321103	15	2,701527	8,339461
271	403	1,697939	6,317259	16	2,644287	8,401919
272	400	1,701279	6,312842	16	2,644287	8,401919
273	401	1,702218	6,315318	16	2,644287	8,401919
274	398	1,704687	6,302143	16	2,644287	8,401919
275	398	1,70032	6,294592	16	2,644287	8,401919
276	396	1,700389	6,284453	16	2,644287	8,401919
277	392	1,704602	6,272608	16	2,644287	8,401919
278	394	1,703471	6,269397	16	2,644287	8,401919
279	396	1,706891	6,261222	15	2,612192	8,396391
280	393	1,706566	6,251942	14	2,688147	8,299344
281	393	1,706916	6,256122	14	2,688147	8,299344
282	392	1,703664	6,264831	14	2,688147	8,299344
283	388	1,700882	6,265672	14	2,688147	8,299344
284	390	1,702961	6,25792	14	2,688147	8,299344
285	395	1,701854	6,272096	14	2,688147	8,299344
286	397	1,704809	6,286407	14	2,688147	8,299344
287	397	1,704684	6,282999	14	2,688147	8,299344
288	397	1,705228	6,288549	14	2,688147	8,299344
289	397	1,706272	6,287195	14	2,688147	8,299344
290	397	1,701374	6,276123	14	2,688147	8,299344
291	395	1,698468	6,270919	14	2,688147	8,299344
292	392	1,697763	6,269878	14	2,688147	8,299344
293	392	1,701089	6,284054	14	2,688147	8,299344
294	390	1,700268	6,287071	14	2,688147	8,299344
295	391	1,698337	6,281306	14	2,688147	8,299344
296	393	1,697652	6,27156	14	2,688147	8,299344
297	392	1,693151	6,268965	14	2,688147	8,299344
298	393	1,696961	6,247684	14	2,688147	8,299344
299	392	1,701747	6,249289	15	2,71864	8,181181
300	391	1,695808	6,233929	15	2,71864	8,181181
301	391	1,69802	6,24741	15	2,71864	8,181181
302	389	1,699078	6,23326	15	2,71864	8,181181
303	392	1,691893	6,251362	16	2,728924	8,104458
304	393	1,700734	6,276166	16	2,728924	8,104458
305	392	1,70895	6,282017	16	2,728924	8,104458
306	386	1,708437	6,284497	16	2,728924	8,104458
307	381	1,701788	6,287146	16	2,728924	8,104458
308	379	1,700743	6,267606	16	2,728924	8,104458
309	380	1,700587	6,265383	16	2,728924	8,104458
310	377	1,700751	6,274564	16	2,728924	8,104458
311	376	1,70346	6,268158	17	2,749943	8,053122
312	374	1,703027	6,266592	17	2,749943	8,053122
313	371	1,705701	6,258369	17	2,749943	8,053122
314	371	1,706616	6,255493	17	2,749943	8,053122
315	370	1,709848	6,255053	17	2,749943	8,053122
316	371	1,70915	6,266346	17	2,749943	8,053122
317	372	1,70973	6,258935	17	2,749943	8,053122
318	368	1,713153	6,27562	17	2,749943	8,053122
319	365	1,711737	6,272595	18	2,717651	8,094294
320	365	1,712864	6,285326	18	2,717651	8,094294
321	365	1,713307	6,298047	18	2,717651	8,094294
322	365	1,708406	6,292269	18	2,717651	8,094294
323	362	1,703683	6,304363	18	2,717651	8,094294
324	360	1,70488	6,31295	18	2,717651	8,094294
325	358	1,705878	6,309789	18	2,717651	8,094294
326	361	1,70492	6,321897	18	2,717651	8,094294
327	359	1,704365	6,323236	18	2,717651	8,094294
328	359	1,705711	6,315452	18	2,717651	8,094294
329	355	1,705169	6,303389	18	2,717651	8,094294
330	353	1,704852	6,307189	18	2,717651	8,094294
331	356	1,70154	6,310713	20	2,707372	8,099223
332	351	1,699371	6,318274	20	2,707372	8,099223
333	350	1,712696	6,33278	20	2,707372	8,099223
334	350	1,71606	6,33112	20	2,707372	8,099223
335	345	1,722468	6,33139	20	2,707372	8,099223
336	344	1,713607	6,336975	20	2,707372	8,099223
337	344	1,721878	6,337224	20	2,707372	8,099223
338	342	1,719377	6,307129	20	2,707372	8,099223
339	343	1,73201	6,306076	20	2,707372	8,099223
340	342	1,731195	6,308527	20	2,707372	8,099223
341	340	1,734589	6,305984	20	2,707372	8,099223
342	341	1,735004	6,305345	20	2,707372	8,099223
343	338	1,737877	6,32111	20	2,707372	8,099223
344	337	1,739646	6,318258	20	2,707372	8,099223
345	335	1,742374	6,312284	20	2,707372	8,099223
346	337	1,7426	6,302426	20	2,707372	8,099223
347	336	1,749442	6,306978	20	2,707372	8,099223
348	333	1,749635	6,315854	20	2,707372	8,099223
349	335	1,74981	6,327351	20	2,707372	8,099223
350	336	1,752299	6,314676	20	2,707372	8,099223
351	336	1,756198	6,311056	20	2,707372	8,099223
352	335	1,760171	6,323016	20	2,707372	8,099223
353	334	1,764486	6,336661	20	2,707372	8,099223
354	338	1,763437	6,319121	20	2,707372	8,099223
355	340	1,768049	6,308574	20	2,707372	8,099223
356	344	1,766054	6,325665	20	2,707372	8,099223
357	345	1,767604	6,335244	20	2,707372	8,099223
358	342	1,765097	6,330777	20	2,707372	8,099223
359	345	1,766804	6,32748	20	2,707372	8,099223
360	347	1,763909	6,314628	20	2,707372	8,099223
361	350	1,765333	6,309216	20	2,707372	8,099223
362	354	1,767249	6,29745	21	2,715766	8,104991
363	351	1,761871	6,302573	21	2,715766	8,104991
364	352	1,762502	6,305844	21	2,715766	8,104991
365	349	1,766312	6,330671	21	2,715766	8,104991
366	354	1,761307	6,357355	21	2,715766	8,104991
367	353	1,762088	6,346709	21	2,715766	8,104991
368	353	1,761988	6,337629	21	2,715766	8,104991
369	353	1,763004	6,334252	21	2,715766	8,104991
370	356	1,761002	6,325633	21	2,715766	8,104991
371	356	1,756347	6,327932	20	2,727177	8,128736
372	361	1,75429	6,314433	20	2,727177	8,128736
373	363	1,75949	6,312137	20	2,727177	8,128736
374	364	1,757215	6,306728	20	2,727177	8,128736
375	364	1,758494	6,29177	20	2,727177	8,128736
376	368	1,757782	6,288284	20	2,727177	8,128736
377	371	1,756164	6,281078	20	2,727177	8,128736
378	371	1,757033	6,280155	20	2,727177	8,128736
379	369	1,758339	6,279042	20	2,727177	8,128736
380	366	1,764544	6,280623	20	2,727177	8,128736
381	370	1,76674	6,260231	20	2,727177	8,128736
382	371	1,770539	6,254012	20	2,727177	8,128736
383	373	1,774811	6,26735	20	2,727177	8,128736
384	372	1,778913	6,257041	20	2,727177	8,128736
385	372	1,777447	6,254277	20	2,727177	8,128736
386	376	1,778225	6,268488	20	2,727177	8,128736
387	378	1,776554	6,263472	20	2,727177	8,128736
388	378	1,771204	6,248751	20	2,727177	8,128736
389	382	1,769231	6,263909	20	2,727177	8,128736
390	382	1,765774	6,27152	20	2,727177	8,128736
391	380	1,763927	6,269874	20	2,727177	8,128736
392	382	1,76932	6,279568	20	2,727177	8,128736
393	384	1,769075	6,266045	20	2,727177	8,128736
394	383	1,764749	6,252682	20	2,727177	8,128736
395	382	1,770375	6,247761	20	2,727177	8,128736
396	386	1,769859	6,270738	20	2,727177	8,128736
397	388	1,772931	6,260017	20	2,727177	8,128736
398	388	1,77432	6,253485	21	2,777224	8,054411
399	389	1,770979	6,254151	21	2,777224	8,054411
400	392	1,772956	6,264618	22	2,732154	8,112089
401	394	1,774079	6,278225	22	2,732154	8,112089
402	390	1,774509	6,279819	22	2,732154	8,112089
403	391	1,770746	6,284077	22	2,732154	8,112089
404	393	1,778041	6,293355	23	2,73565	8,072273
405	390	1,785403	6,29263	23	2,73565	8,072273
406	388	1,790005	6,305499	23	2,73565	8,072273
407	391	1,792934	6,313543	24	2,682805	8,179366
408	387	1,797906	6,298789	25	2,721819	8,257392
409	386	1,792198	6,291293	25	2,721819	8,257392
410	385	1,798424	6,30651	25	2,721819	8,257392
411	382	1,798682	6,29809	25	2,721819	8,257392
412	379	1,802752	6,274413	25	2,721819	8,257392
413	378	1,805722	6,264326	25	2,721819	8,257392
414	377	1,806775	6,264238	25	2,721819	8,257392
415	379	1,802315	6,271571	26	2,746002	8,29054
416	380	1,804579	6,244174	26	2,746002	8,29054
417	379	1,803234	6,247935	26	2,746002	8,29054
418	379	1,804894	6,244043	26	2,746002	8,29054
419	378	1,805462	6,24985	26	2,746002	8,29054
420	376	1,806511	6,229169	26	2,746002	8,29054
421	371	1,809704	6,222582	26	2,746002	8,29054
422	371	1,80761	6,234895	26	2,746002	8,29054
423	370	1,817361	6,21365	26	2,746002	8,29054
424	367	1,825423	6,217994	26	2,746002	8,29054
425	369	1,824048	6,227652	27	2,750202	8,295707
426	367	1,820671	6,215902	27	2,750202	8,295707
427	366	1,820928	6,228759	27	2,750202	8,295707
428	365	1,816181	6,2374	27	2,750202	8,295707
429	364	1,818781	6,233735	27	2,750202	8,295707
430	361	1,817835	6,230683	27	2,750202	8,295707
431	358	1,816045	6,226709	26	2,774624	8,28089
432	357	1,808681	6,245261	26	2,774624	8,28089
433	355	1,809597	6,233863	26	2,774624	8,28089
434	354	1,816952	6,235358	25	2,769648	8,283334
435	352	1,824739	6,213388	25	2,769648	8,283334
436	348	1,824493	6,203353	25	2,769648	8,283334
437	349	1,8165	6,190665	25	2,769648	8,283334
438	346	1,816234	6,196034	26	2,795213	8,341079
439	346	1,816258	6,189895	26	2,795213	8,341079
440	342	1,817406	6,180906	26	2,795213	8,341079
441	343	1,820323	6,188072	26	2,795213	8,341079
442	346	1,820959	6,201054	26	2,795213	8,341079
443	344	1,821798	6,19289	25	2,798453	8,4151
444	342	1,820963	6,202267	25	2,798453	8,4151
445	336	1,822893	6,195312	25	2,798453	8,4151
446	337	1,817332	6,192574	25	2,798453	8,4151
447	332	1,814543	6,197235	25	2,798453	8,4151
448	329	1,812346	6,213362	25	2,798453	8,4151
449	331	1,816097	6,215953	25	2,798453	8,4151
450	329	1,813709	6,19875	25	2,798453	8,4151
451	330	1,819599	6,177767	25	2,798453	8,4151
452	330	1,820244	6,171023	25	2,798453	8,4151
453	325	1,817497	6,175844	25	2,798453	8,4151
454	322	1,818835	6,18088	26	2,815704	8,43579
455	317	1,808985	6,189496	25	2,843797	8,324314
456	318	1,809549	6,179885	25	2,843797	8,324314
457	319	1,811462	6,161019	25	2,843797	8,324314
458	320	1,816542	6,166163	25	2,843797	8,324314
459	317	1,81413	6,162696	25	2,843797	8,324314
460	316	1,813358	6,169012	25	2,843797	8,324314
461	314	1,806211	6,141561	25	2,843797	8,324314
462	312	1,80824	6,131245	25	2,843797	8,324314
463	311	1,821034	6,133837	25	2,843797	8,324314
464	309	1,820071	6,117446	25	2,843797	8,324314
465	309	1,816468	6,12017	25	2,843797	8,324314
466	310	1,813675	6,124431	26	2,881543	8,257876
467	311	1,813291	6,124596	26	2,881543	8,257876
468	312	1,813586	6,123009	26	2,881543	8,257876
469	311	1,818247	6,139651	26	2,881543	8,257876
470	313	1,826148	6,14909	26	2,881543	8,257876
471	310	1,834391	6,160807	27	2,866715	8,214323
472	311	1,842181	6,177072	27	2,866715	8,214323
473	312	1,846659	6,181896	27	2,866715	8,214323
474	311	1,848414	6,181553	27	2,866715	8,214323
475	311	1,854166	6,196251	28	2,88688	8,195105
476	310	1,864572	6,198801	28	2,88688	8,195105
477	311	1,872636	6,175426	28	2,88688	8,195105
478	312	1,874242	6,174433	29	2,863044	8,242204
479	311	1,873029	6,166295	28	2,888871	8,259649
480	310	1,874574	6,172614	28	2,888871	8,259649
481	310	1,882647	6,163612	28	2,888871	8,259649
482	309	1,877995	6,188567	28	2,888871	8,259649
483	312	1,886508	6,18494	28	2,888871	8,259649
484	310	1,903512	6,211888	28	2,888871	8,259649
485	308	1,908437	6,196941	28	2,888871	8,259649
486	302	1,914254	6,188497	29	2,919536	8,206188
487	303	1,914731	6,190228	30	2,887693	8,251745
488	301	1,916864	6,184724	31	2,889155	8,269878
489	298	1,917921	6,201421	31	2,889155	8,269878
490	295	1,918851	6,229447	31	2,889155	8,269878
491	293	1,922283	6,249388	31	2,889155	8,269878
492	292	1,937237	6,232559	31	2,889155	8,269878
493	292	1,936359	6,228086	31	2,889155	8,269878
494	294	1,9323	6,233654	31	2,889155	8,269878
495	293	1,939453	6,216935	31	2,889155	8,269878
496	292	1,938857	6,214015	31	2,889155	8,269878
497	292	1,935789	6,233875	31	2,889155	8,269878
498	290	1,937034	6,247888	31	2,889155	8,269878
499	287	1,934968	6,245899	31	2,889155	8,269878
500	285	1,932582	6,25562	31	2,889155	8,269878
501	283	1,929821	6,255631	31	2,889155	8,269878
502	286	1,927824	6,245968	30	2,866173	8,280814
503	287	1,932517	6,233924	29	2,866829	8,282735
504	290	1,931925	6,241101	29	2,866829	8,282735
505	287	1,923633	6,245964	29	2,866829	8,282735
506	284	1,924204	6,238002	29	2,866829	8,282735
507	284	1,920572	6,252104	29	2,866829	8,282735
508	284	1,926529	6,244844	29	2,866829	8,282735
509	282	1,931588	6,246564	29	2,866829	8,282735
510	280	1,937985	6,289349	29	2,866829	8,282735
511	280	1,937789	6,289476	29	2,866829	8,282735
512	282	1,935366	6,294264	29	2,866829	8,282735
513	285	1,933285	6,281001	29	2,866829	8,282735
514	284	1,936077	6,28178	29	2,866829	8,282735
515	285	1,925581	6,30203	30	2,831149	8,340439
516	285	1,932339	6,306104	30	2,831149	8,340439
517	284	1,928622	6,303156	30	2,831149	8,340439
518	283	1,932525	6,292187	30	2,831149	8,340439
519	288	1,927241	6,266765	30	2,831149	8,340439
520	289	1,926885	6,260761	30	2,831149	8,340439
521	287	1,926376	6,254789	29	2,861435	8,331982
522	284	1,92885	6,264503	30	2,889775	8,259637
523	280	1,927762	6,267247	30	2,889775	8,259637
524	282	1,930456	6,254834	30	2,889775	8,259637
525	283	1,927769	6,247353	30	2,889775	8,259637
526	281	1,932951	6,270239	30	2,889775	8,259637
527	281	1,924446	6,255248	30	2,889775	8,259637
528	279	1,91873	6,250374	30	2,889775	8,259637
529	280	1,919061	6,26097	30	2,889775	8,259637
530	279	1,919341	6,287953	30	2,889775	8,259637
531	279	1,915127	6,282259	30	2,889775	8,259637
532	281	1,909199	6,277081	30	2,889775	8,259637
533	279	1,901986	6,25283	31	2,879199	8,228623
534	280	1,905503	6,249528	31	2,879199	8,228623
535	280	1,90514	6,243602	30	2,879299	8,22102
536	277	1,913687	6,251968	30	2,879299	8,22102
537	278	1,908506	6,241235	30	2,852655	8,202588
538	279	1,912498	6,287626	30	2,852655	8,202588
539	279	1,909103	6,271433	31	2,865899	8,182343
540	277	1,917276	6,276822	31	2,865899	8,182343
541	275	1,921811	6,277894	31	2,865899	8,182343
542	273	1,926651	6,279012	31	2,865899	8,182343
543	273	1,926191	6,264358	31	2,865899	8,182343
544	276	1,929542	6,255529	32	2,874962	8,195438
545	276	1,927121	6,24812	32	2,874962	8,195438
546	275	1,927382	6,233305	32	2,874962	8,195438
547	273	1,922361	6,226457	32	2,874962	8,195438
548	270	1,923345	6,267125	32	2,874962	8,195438
549	269	1,926983	6,268891	33	2,872188	8,111694
550	269	1,925295	6,272393	33	2,872188	8,111694
551	267	1,925027	6,289286	33	2,872188	8,111694
552	266	1,924332	6,303709	33	2,872188	8,111694
553	268	1,923333	6,294219	32	2,857189	8,133969
554	269	1,921587	6,272467	32	2,857189	8,133969
555	267	1,916549	6,273121	32	2,857189	8,133969
556	267	1,916028	6,265978	32	2,857189	8,133969
557	267	1,917176	6,25846	32	2,857189	8,133969
558	266	1,92186	6,283557	32	2,857189	8,133969
559	266	1,921043	6,30246	32	2,857189	8,133969
560	260	1,917273	6,308663	32	2,857189	8,133969
561	258	1,913498	6,284813	32	2,857189	8,133969
562	257	1,909676	6,297523	32	2,857189	8,133969
563	254	1,906313	6,301427	32	2,857189	8,133969
564	254	1,895613	6,29157	33	2,827469	8,148391
565	256	1,894388	6,302356	33	2,827469	8,148391
566	252	1,911488	6,305277	34	2,829415	8,241287
567	252	1,910394	6,304655	34	2,829415	8,241287
568	252	1,909368	6,297148	35	2,84545	8,212258
569	253	1,912273	6,298058	35	2,84545	8,212258
570	254	1,918092	6,297088	35	2,84545	8,212258
571	253	1,926485	6,271359	34	2,87662	8,179126
572	249	1,924811	6,266287	34	2,87662	8,179126
573	247	1,930426	6,254788	34	2,87662	8,179126
574	249	1,937323	6,262759	34	2,87662	8,179126
575	248	1,938426	6,249906	35	2,848712	8,216022
576	246	1,934579	6,251371	35	2,848712	8,216022
577	246	1,930948	6,27032	35	2,848712	8,216022
578	245	1,931702	6,264774	35	2,848712	8,216022
579	244	1,930253	6,275242	35	2,848712	8,216022
580	245	1,93045	6,285489	35	2,848712	8,216022
581	244	1,94074	6,295747	35	2,848712	8,216022
582	237	1,937287	6,334985	35	2,848712	8,216022
583	234	1,936804	6,33743	35	2,848712	8,216022
584	235	1,932481	6,328961	36	2,856112	8,178353
585	235	1,937669	6,319291	36	2,856112	8,178353
586	235	1,929535	6,323092	36	2,856112	8,178353
587	233	1,926708	6,331158	36	2,856112	8,178353
588	232	1,927498	6,333158	36	2,856112	8,178353
589	228	1,929705	6,333474	37	2,871382	8,196038
590	228	1,928516	6,335262	37	2,871382	8,196038
591	227	1,930479	6,336881	37	2,871382	8,196038
592	224	1,927547	6,338051	37	2,871382	8,196038
593	225	1,934418	6,338659	37	2,871382	8,196038
594	225	1,936574	6,337988	38	2,881697	8,193509
595	226	1,924921	6,339744	38	2,881697	8,193509
596	222	1,92995	6,327245	38	2,881697	8,193509
597	221	1,933143	6,324481	38	2,881697	8,193509
598	218	1,920512	6,364794	38	2,881697	8,193509
599	216	1,924902	6,356204	37	2,874566	8,238552
600	215	1,915388	6,360204	38	2,872155	8,264202
601	213	1,911741	6,366492	38	2,872155	8,264202
602	213	1,912984	6,355201	38	2,872155	8,264202
603	212	1,923188	6,387604	37	2,871858	8,299623
604	213	1,92771	6,363825	37	2,871858	8,299623
605	208	1,923126	6,369988	37	2,871858	8,299623
606	203	1,924478	6,359313	37	2,871858	8,299623
607	199	1,925963	6,370346	37	2,871858	8,299623
608	197	1,920079	6,372086	37	2,871858	8,299623
609	196	1,923291	6,368268	38	2,866533	8,298321
610	194	1,928088	6,374614	38	2,866533	8,298321
611	191	1,919996	6,383005	37	2,860595	8,327147
612	189	1,947342	6,371522	37	2,860595	8,327147
613	189	1,944524	6,368505	38	2,869265	8,281891
614	189	1,946508	6,378994	39	2,877831	8,248015
615	183	1,957991	6,332299	40	2,875939	8,214661
616	183	1,963302	6,312061	40	2,875939	8,214661
617	182	1,95521	6,312887	40	2,875939	8,214661
618	179	1,965012	6,346534	40	2,875939	8,214661
619	179	1,965012	6,346534	39	2,894073	8,1998
620	177	1,971747	6,335032	39	2,894073	8,1998
621	175	1,962718	6,349993	39	2,894073	8,1998
622	173	1,96463	6,341289	39	2,894073	8,1998
623	172	1,962517	6,370122	39	2,894073	8,1998
624	172	1,971898	6,364343	40	2,907544	8,202981
625	171	1,969011	6,370602	40	2,907544	8,202981
626	170	1,983629	6,34062	40	2,907544	8,202981
627	165	1,980031	6,35716	40	2,907544	8,202981
628	165	1,983439	6,354703	40	2,907544	8,202981
629	163	1,985988	6,370213	40	2,907544	8,202981
630	162	1,98508	6,368554	40	2,907544	8,202981
631	159	1,979284	6,367734	38	2,922948	8,206106
632	155	1,99479	6,329718	38	2,922948	8,206106
633	152	2,001196	6,288609	38	2,922948	8,206106
634	149	1,995896	6,310333	38	2,922948	8,206106
635	148	1,995096	6,344139	38	2,922948	8,206106
636	145	1,980107	6,363976	38	2,922948	8,206106
637	148	1,964716	6,370087	38	2,922948	8,206106
638	146	1,968147	6,396042	38	2,922948	8,206106
639	148	1,971493	6,391697	38	2,922948	8,206106
640	148	1,965329	6,412761	38	2,922948	8,206106
641	149	1,961238	6,410283	39	2,92259	8,184855
642	146	1,969136	6,417356	39	2,92259	8,184855
643	147	1,971163	6,40934	39	2,92259	8,184855
644	147	1,974952	6,385653	39	2,92259	8,184855
645	147	1,992318	6,371163	39	2,92259	8,184855
646	144	1,980683	6,355903	39	2,92259	8,184855
647	143	1,982637	6,355349	39	2,92259	8,184855
648	142	1,985052	6,377182	39	2,92259	8,184855
649	140	1,975594	6,399168	39	2,92259	8,184855
650	140	1,982112	6,373197	39	2,92259	8,184855
651	136	1,978683	6,380135	40	2,940788	8,189539
652	136	1,968212	6,407935	40	2,940788	8,189539
653	137	1,973866	6,411612	40	2,940788	8,189539
654	133	1,959211	6,412285	41	2,908247	8,279523
655	132	1,943711	6,390532	41	2,908247	8,279523
656	131	1,946085	6,391895	42	2,897055	8,266249
657	129	1,956686	6,384704	42	2,897055	8,266249
658	124	1,959958	6,395564	42	2,897055	8,266249
659	122	1,967741	6,408024	43	2,903683	8,26334
660	117	1,943243	6,369702	43	2,903683	8,26334
661	116	1,948488	6,377539	43	2,903683	8,26334
662	112	1,959396	6,364514	42	2,90416	8,264363
663	109	1,968897	6,350577	42	2,90416	8,264363
664	106	1,963162	6,355735	42	2,90416	8,264363
665	106	1,973795	6,392997	42	2,90416	8,264363
666	101	1,994936	6,442902	42	2,90416	8,264363
667	100	2,002117	6,465365	42	2,90416	8,264363
668	97	1,991286	6,468874	42	2,90416	8,264363
669	96	1,992343	6,468665	43	2,888142	8,26419
670	93	1,988284	6,501759	43	2,888142	8,26419
671	93	2,018187	6,496439	42	2,873305	8,245829
672	91	2,029032	6,52073	42	2,873305	8,245829
673	89	2,042226	6,541428	42	2,873305	8,245829
674	87	2,06448	6,550799	42	2,873305	8,245829
675	87	2,066559	6,582794	42	2,873305	8,245829
676	85	2,067808	6,593465	43	2,880204	8,260098
677	85	2,067808	6,593465	44	2,900161	8,230216
678	83	2,049917	6,626467	44	2,900161	8,230216
679	80	2,042647	6,658126	45	2,923985	8,181299
680	78	2,06433	6,681584	46	2,931945	8,120912
681	78	2,080596	6,677746	46	2,931945	8,120912
682	73	2,110173	6,640981	46	2,931945	8,120912
683	73	2,09486	6,616206	46	2,931945	8,120912
684	72	2,087059	6,615934	47	2,92692	8,064023
685	70	2,058574	6,631084	48	2,939321	8,108051
686	68	2,051316	6,651112	48	2,939321	8,108051
687	69	2,053656	6,717822	48	2,939321	8,108051
688	68	2,057048	6,721193	48	2,939321	8,108051
689	67	2,046405	6,752654	48	2,939321	8,108051
690	63	2,027561	6,772236	48	2,939321	8,108051
691	62	2,033915	6,801411	48	2,939321	8,108051
692	60	2,044513	6,707116	48	2,939321	8,108051
693	57	2,034301	6,690722	48	2,939321	8,108051
694	55	2,065271	6,696019	48	2,939321	8,108051
695	54	2,060203	6,72647	49	2,938702	8,130296
696	51	2,050224	6,602826	49	2,938702	8,130296
697	47	2,049978	6,62426	49	2,938702	8,130296
698	48	2,063632	6,617455	48	2,921213	8,162845
699	46	2,063689	6,595571	48	2,921213	8,162845
700	44	2,079101	6,57255	47	2,945373	8,138154
701	44	2,079101	6,57255	47	2,945373	8,138154
702	42	2,083758	6,577411	47	2,945373	8,138154
703	41	2,070971	6,608346	48	2,92926	8,106138
704	41	2,070971	6,608346	47	2,931743	8,125495
705	41	2,070971	6,608346	47	2,931743	8,125495
706	39	2,057788	6,651826	47	2,931743	8,125495
707	39	2,057788	6,651826	46	2,963577	8,070778
708	36	2,069493	6,776436	45	2,948142	8,025018
709	31	2,070291	6,687755	45	2,948142	8,025018
710	31	2,120242	6,646028	45	2,948142	8,025018
711	30	2,112401	6,712329	45	2,948142	8,025018
712	27	2,146939	6,590746	45	2,948142	8,025018
713	27	2,146939	6,590746	45	2,948142	8,025018
714	26	2,178433	6,534598	45	2,948142	8,025018
715	24	2,22509	6,539565	45	2,940057	8,061749
716	23	2,204208	6,550085	45	2,940057	8,061749
717	22	2,209676	6,541818	45	2,940057	8,061749
718	21	2,199384	6,395562	46	2,948964	8,01581
719	19	2,182921	6,391355	46	2,948964	8,01581
720	17	2,263692	6,395545	46	2,948964	8,01581
721	17	2,263692	6,395545	47	2,949406	7,982868
722	17	2,263692	6,395545	48	2,96965	7,954871
723	16	2,2775	6,476658	48	2,96965	7,954871
724	16	2,2775	6,476658	48	2,96965	7,954871
725	16	2,2775	6,476658	47	2,971996	7,944761
726	15	2,300251	6,542738	47	2,971996	7,944761
727	14	2,310911	6,550702	47	2,971996	7,944761
728	14	2,310911	6,550702	47	2,971996	7,944761
729	13	2,295827	6,625124	48	2,928828	7,961164
730	11	2,342628	6,572417	48	2,928828	7,961164
731	11	2,342628	6,572417	49	2,928487	7,9814
732	11	2,342628	6,572417	49	2,928487	7,9814
733	11	2,342628	6,572417	49	2,928487	7,9814
734	10	2,318863	6,818512	49	2,928487	7,9814
735	10	2,318863	6,818512	49	2,928487	7,9814
736	10	2,318863	6,818512	50	2,947902	7,950012
737	8	2,409053	6,969581	50	2,947902	7,950012
738	7	2,332722	7,161317	49	2,937975	7,912569
739	7	2,332722	7,161317	49	2,937975	7,912569
740	7	2,332722	7,161317	49	2,937975	7,912569
741	7	2,332722	7,161317	49	2,937975	7,912569
742	6	2,277651	7,152087	49	2,937975	7,912569
743	5	2,462172	7,26262	49	2,937975	7,912569
744	5	2,462172	7,26262	49	2,937975	7,912569
745	5	2,462172	7,26262	49	2,937975	7,912569
746	5	2,462172	7,26262	49	2,937975	7,912569
747	4	2,625084	6,619631	49	2,937975	7,912569
748	3	2,587524	6,185781	50	2,930901	7,914695
749	3	2,587524	6,185781	50	2,930901	7,914695
750	3	2,587524	6,185781	50	2,930901	7,914695
751	2	2,076962	5,771713	50	2,930901	7,914695
752	1	2,967018	4,928736	51	2,930263	7,873339
753	0	0	0	51	2,930263	7,873339
754	0	0	0	50	2,923928	7,851744
755	0	0	0	50	2,923928	7,851744
756	0	0	0	50	2,923928	7,851744
757	0	0	0	51	2,918108	7,863353
758	0	0	0	51	2,918108	7,863353
759	0	0	0	51	2,918108	7,863353
760	0	0	0	51	2,918108	7,863353
761	0	0	0	51	2,918108	7,863353
762	0	0	0	51	2,918108	7,863353
763	0	0	0	51	2,918108	7,863353
764	0	0	0	51	2,918108	7,863353
765	0	0	0	51	2,918108	7,863353
766	0	0	0	50	2,899966	7,888682
767	0	0	0	50	2,899966	7,888682
768	0	0	0	50	2,899966	7,888682
769	0	0	0	50	2,899966	7,888682
770	0	0	0	50	2,899966	7,888682
771	0	0	0	49	2,908513	7,905147
772	0	0	0	47	2,878852	7,921616
773	0	0	0	47	2,878852	7,921616
774	0	0	0	47	2,878852	7,921616
775	0	0	0	46	2,866842	7,926951
776	0	0	0	47	2,872053	7,874962
777	0	0	0	47	2,872053	7,874962
778	0	0	0	46	2,886758	7,83831
779	0	0	0	46	2,886758	7,83831
780	0	0	0	46	2,886758	7,83831
781	0	0	0	46	2,886758	7,83831
782	0	0	0	45	2,901679	7,829008
783	0	0	0	45	2,901679	7,829008
784	0	0	0	44	2,894823	7,84874
785	0	0	0	44	2,894823	7,84874
786	0	0	0	44	2,894823	7,84874
787	0	0	0	43	2,916464	7,808643
788	0	0	0	42	2,91607	7,784708
789	0	0	0	42	2,91607	7,784708
790	0	0	0	42	2,91607	7,784708
791	0	0	0	42	2,91607	7,784708
792	0	0	0	42	2,91607	7,784708
793	0	0	0	41	2,905491	7,829493
794	0	0	0	41	2,905491	7,829493
795	0	0	0	41	2,905491	7,829493
796	0	0	0	41	2,905491	7,829493
797	0	0	0	40	2,884171	7,851597
798	0	0	0	39	2,87825	7,877025
799	0	0	0	38	2,875394	7,800838
800	0	0	0	38	2,875394	7,800838
801	0	0	0	37	2,847722	7,838376
802	0	0	0	37	2,847722	7,838376
803	0	0	0	37	2,847722	7,838376
804	0	0	0	37	2,847722	7,838376
805	0	0	0	37	2,847722	7,838376
806	0	0	0	36	2,844332	7,876455
807	0	0	0	36	2,844332	7,876455
808	0	0	0	36	2,844332	7,876455
809	0	0	0	36	2,844332	7,876455
810	0	0	0	36	2,844332	7,876455
811	0	0	0	36	2,844332	7,876455
812	0	0	0	36	2,844332	7,876455
813	0	0	0	36	2,844332	7,876455
814	0	0	0	36	2,844332	7,876455
815	0	0	0	35	2,874273	7,815387
816	0	0	0	33	2,825376	7,848627
817	0	0	0	31	2,807587	7,891888
818	0	0	0	30	2,768764	7,953985
819	0	0	0	29	2,789345	8,000625
820	0	0	0	29	2,789345	8,000625
821	0	0	0	29	2,789345	8,000625
822	0	0	0	29	2,789345	8,000625
823	0	0	0	29	2,789345	8,000625
824	0	0	0	29	2,789345	8,000625
825	0	0	0	28	2,801053	8,048589
826	0	0	0	28	2,801053	8,048589
827	0	0	0	28	2,801053	8,048589
828	0	0	0	28	2,801053	8,048589
829	0	0	0	28	2,801053	8,048589
830	0	0	0	27	2,779216	8,079082
831	0	0	0	27	2,779216	8,079082
832	0	0	0	25	2,743742	8,096762
833	0	0	0	24	2,751318	8,130034
834	0	0	0	24	2,751318	8,130034
835	0	0	0	24	2,751318	8,130034
836	0	0	0	24	2,751318	8,130034
837	0	0	0	24	2,751318	8,130034
838	0	0	0	24	2,751318	8,130034
839	0	0	0	23	2,744924	8,2311
840	0	0	0	23	2,744924	8,2311
841	0	0	0	23	2,744924	8,2311
842	0	0	0	22	2,709595	8,142631
843	0	0	0	22	2,709595	8,142631
844	0	0	0	20	2,663255	8,196454
845	0	0	0	18	2,634305	8,211685
846	0	0	0	17	2,588022	8,175152
847	0	0	0	17	2,588022	8,175152
848	0	0	0	17	2,588022	8,175152
849	0	0	0	16	2,57581	8,346604
850	0	0	0	16	2,57581	8,346604
851	0	0	0	14	2,560547	8,560598
852	0	0	0	14	2,560547	8,560598
853	0	0	0	13	2,55543	8,569581
854	0	0	0	13	2,55543	8,569581
855	0	0	0	12	2,527247	8,341476
856	0	0	0	12	2,527247	8,341476
857	0	0	0	11	2,474106	8,601295
858	0	0	0	11	2,474106	8,601295
859	0	0	0	11	2,474106	8,601295
860	0	0	0	11	2,474106	8,601295
861	0	0	0	11	2,474106	8,601295
862	0	0	0	11	2,474106	8,601295
863	0	0	0	10	2,329404	8,797524
864	0	0	0	9	2,379734	8,818377
865	0	0	0	9	2,379734	8,818377
866	0	0	0	9	2,379734	8,818377
867	0	0	0	9	2,379734	8,818377
868	0	0	0	9	2,379734	8,818377
869	0	0	0	9	2,379734	8,818377
870	0	0	0	9	2,379734	8,818377
871	0	0	0	9	2,379734	8,818377
872	0	0	0	8	2,329333	8,769016
873	0	0	0	8	2,329333	8,769016
874	0	0	0	8	2,329333	8,769016
875	0	0	0	7	2,390692	8,668802
876	0	0	0	6	2,382772	8,826608
877	0	0	0	6	2,382772	8,826608
878	0	0	0	6	2,382772	8,826608
879	0	0	0	6	2,382772	8,826608
880	0	0	0	6	2,382772	8,826608
881	0	0	0	6	2,382772	8,826608
882	0	0	0	5	2,277534	9,116468
883	0	0	0	4	2,146378	9,667125
884	0	0	0	4	2,146378	9,667125
885	0	0	0	3	1,892182	9,823485
886	0	0	0	3	1,892182	9,823485
887	0	0	0	3	1,892182	9,823485
888	0	0	0	3	1,892182	9,823485
889	0	0	0	3	1,892182	9,823485
890	0	0	0	3	1,892182	9,823485
891	0	0	0	3	1,892182	9,823485
892	0	0	0	3	1,892182	9,823485
893	0	0	0	3	1,892182	9,823485
894	0	0	0	3	1,892182	9,823485
895	0	0	0	3	1,892182	9,823485
896	0	0	0	2	1,253281	10,30553
897	0	0	0	2	1,253281	10,30553
898	0	0	0	2	1,253281	10,30553
899	0	0	0	2	1,253281	10,30553
900	0	0	0	2	1,253281	10,30553
901	0	0	0	2	1,253281	10,30553
902	0	0	0	2	1,253281	10,30553
903	0	0	0	2	1,253281	10,30553
904	0	0	0	2	1,253281	10,30553
905	0	0	0	2	1,253281	10,30553
906	0	0	0	2	1,253281	10,30553
907	0	0	0	2	1,253281	10,30553
908	0	0	0	2	1,253281	10,30553
909	0	0	0	2	1,253281	10,30553
910	0	0	0	2	1,253281	10,30553
911	0	0	0	2	1,253281	10,30553
912	0	0	0	2	1,253281	10,30553
913	0	0	0	2	1,253281	10,30553
914	0	0	0	2	1,253281	10,30553
915	0	0	0	2	1,253281	10,30553
916	0	0	0	2	1,253281	10,30553
917	0	0	0	2	1,253281	10,30553
918	0	0	0	2	1,253281	10,30553
919	0	0	0	2	1,253281	10,30553
920	0	0	0	2	1,253281	10,30553
921	0	0	0	2	1,253281	10,30553
922	0	0	0	2	1,253281	10,30553
923	0	0	0	2	1,253281	10,30553
924	0	0	0	2	1,253281	10,30553
925	0	0	0	1	0,8999538	8,732133
926	0	0	0	1	0,8999538	8,732133
927	0	0	0	1	0,8999538	8,732133
928	0	0	0	1	0,8999538	8,732133
929	0	0	0	1	0,8999538	8,732133
930	0	0	0	1	0,8999538	8,732133
931	0	0	0	1	0,8999538	8,732133
932	0	0	0	1	0,8999538	8,732133
933	0	0	0	1	0,8999538	8,732133
934	0	0	0	1	0,8999538	8,732133
935	0	0	0	1	0,8999538	8,732133
936	0	0	0	1	0,8999538	8,732133
937	0	0	0	1	0,8999538	8,732133
938	0	0	0	1	0,8999538	8,732133
939	0	0	0	1	0,8999538	8,732133
940	0	0	0	1	0,8999538	8,732133
941	0	0	0	1	0,8999538	8,732133
942	0	0	0	1	0,8999538	8,732133
943	0	0	0	1	0,8999538	8,732133
944	0	0	0	1	0,8999538	8,732133
945	0	0	0	1	0,8999538	8,732133
946	0	0	0	1	0,8999538	8,732133
947	0	0	0	1	0,8999538	8,732133
948	0	0	0	1	0,8999538	8,732133
949	0	0	0	1	0,8999538	8,732133
950	0	0	0	1	0,8999538	8,732133
951	0	0	0	1	0,8999538	8,732133
952	0	0	0	1	0,8999538	8,732133
953	0	0	0	1	0,8999538	8,732133
954	0	0	0	1	0,8999538	8,732133
955	0	0	0	1	0,8999538	8,732133
956	0	0	0	1	0,8999538	8,732133
957	0	0	0	1	0,8999538	8,732133
958	0	0	0	1	0,8999538	8,732133
959	0	0	0	1	0,8999538	8,732133
960	0	0	0	1	0,8999538	8,732133
961	0	0	0	1	0,8999538	8,732133
962	0	0	0	1	0,8999538	8,732133
963	0	0	0	1	0,8999538	8,732133
964	0	0	0	1	0,8999538	8,732133
965	0	0	0	1	0,8999538	8,732133
966	0	0	0	1	0,8999538	8,732133
967	0	0	0	1	0,8999538	8,732133
968	0	0	0	1	0,8999538	8,732133
969	0	0	0	1	0,8999538	8,732133
970	0	0	0	1	0,8999538	8,732133
971	0	0	0	1	0,8999538	8,732133
972	0	0	0	1	0,8999538	8,732133
973	0	0	0	1	0,8999538	8,732133
974	0	0	0	1	0,8999538	8,732133
975	0	0	0	1	0,8999538	8,732133
976	0	0	0	1	0,8999538	8,732133
977	0	0	0	1	0,8999538	8,732133
978	0	0	0	1	0,8999538	8,732133
979	0	0	0	1	0,8999538	8,732133
980	0	0	0	1	0,8999538	8,732133
981	0	0	0	1	0,8999538	8,732133
982	0	0	0	1	0,8999538	8,732133
983	0	0	0	1	0,8999538	8,732133
984	0	0	0	1	0,8999538	8,732133
985	0	0	0	1	0,8999538	8,732133
986	0	0	0	1	0,8999538	8,732133
987	0	0	0	1	0,8999538	8,732133
988	0	0	0	1	0,8999538	8,732133
989	0	0	0	1	0,8999538	8,732133
990	0	0	0	1	0,8999538	8,732133
991	0	0	0	1	0,8999538	8,732133
992	0	0	0	1	0,8999538	8,732133
993	0	0	0	1	0,8999538	8,732133
994	0	0	0	1	0,8999538	8,732133
995	0	0	0	1	0,8999538	8,732133
996	0	0	0	1	0,8999538	8,732133
997	0	0	0	1	0,8999538	8,732133
998	0	0	0	1	0,8999538	8,732133
999	0	0	0	1	0,8999538	8,732133
1000	0	0	0	1	0,8999538	8,732133
1001	0	0	0	1	0,8999538	8,732133
1002	0	0	0	1	0,8999538	8,732133
1003	0	0	0	1	0,8999538	8,732133
1004	0	0	0	1	0,8999538	8,732133
1005	0	0	0	1	0,8999538	8,732133
1006	0	0	0	1	0,8999538	8,732133
1007	0	0	0	0	0	0
1008	0	0	0	0	0	0
1009	0	0	0	0	0	0
1010	0	0	0	0	0	0
1011	0	0	0	0	0	0
1012	0	0	0	0	0	0
